episode,action 1,action 2,action 3,action 4,action 5,action 6,action 7,action 8,action 9,action 10,action 11,action 12,action 13,action 14
0,"[-1.56284727 -0.00386174 -1.5282825  -0.00193347  1.59103736  1.63732057
  0.99042332  1.60173347 -0.00175929  1.54155054 -0.01322495 -1.6011208
 -1.62008143  0.99151735]"
1,"[-1.55701230e+00 -2.42737818e-03 -1.54133102e+00 -2.17704358e-05
  1.61415880e+00  1.53491016e+00  9.83870859e-01  1.60013419e+00
 -1.34561816e-03  1.56067587e+00 -3.37052746e-02 -1.58967712e+00
 -1.62879904e+00  9.77131650e-01]"
2,"[-1.54436816e+00 -4.45276159e-03 -1.55181750e+00  1.00992395e-02
  1.59952669e+00  1.55192330e+00  9.79978607e-01  1.62046797e+00
  4.20581201e-04  1.56666971e+00 -1.91878113e-02 -1.59112570e+00
 -1.61895914e+00  9.74910888e-01]"
3,"[-1.53012773 -0.00631823 -1.55021293  0.00500298  1.59950639  1.56090461
  0.97801651  1.62396418  0.00638598  1.55991756 -0.01776176 -1.59062956
 -1.63302566  0.97673972]"
4,"[-1.52930079e+00 -4.73691823e-05 -1.55371203e+00  1.19065746e-02
  1.60664815e+00  1.58090665e+00  9.77845989e-01  1.62136532e+00
 -1.43828180e-03  1.55609569e+00 -1.97768995e-02 -1.58895698e+00
 -1.64516701e+00  9.72889552e-01]"
5,"[-1.51922545 -0.0030218  -1.55956669  0.01719179  1.61197382  1.57312272
  0.97621796  1.62574889 -0.0041787   1.5560479  -0.01814082 -1.59477631
 -1.64720165  0.97044864]"
6,"[-1.50790077e+00  6.42301627e-03 -1.55535464e+00  1.35200279e-02
  1.62280993e+00  1.56373991e+00  9.75759913e-01  1.62342910e+00
  5.25889812e-05  1.55320743e+00 -2.14103644e-02 -1.59450525e+00
 -1.64759191e+00  9.64899527e-01]"
7,"[-1.50535128 -0.0071482  -1.57039062  0.00968913  1.62192373  1.57895832
  0.97392989  1.62055197 -0.00187317  1.55417939 -0.03053372 -1.59581509
 -1.66567069  0.97011042]"
8,"[-1.48806839e+00 -7.45864049e-04 -1.57596946e+00  1.74746652e-02
  1.62958576e+00  1.59395513e+00  9.73210393e-01  1.62016023e+00
 -9.12158259e-03  1.55760107e+00 -2.78957207e-02 -1.59772367e+00
 -1.67235008e+00  9.66490378e-01]"
9,"[-1.47931176 -0.00623882 -1.58756936  0.02754837  1.6356385   1.59599921
  0.97175647  1.62279677 -0.00416676  1.5564857  -0.0342185  -1.59628916
 -1.67526112  0.96583039]"
10,"[-1.46384757 -0.00741691 -1.59990972  0.02993629  1.63502587  1.60960317
  0.97147764  1.61786514 -0.00786813  1.55833809 -0.03289888 -1.59311312
 -1.69248936  0.96240155]"
11,"[-1.44987931 -0.0102104  -1.61298969  0.04297646  1.64644382  1.63124811
  0.96759286  1.61326932 -0.00663658  1.5584699  -0.03291322 -1.59603378
 -1.70204583  0.96118501]"
12,"[-1.43581839 -0.01104565 -1.61487446  0.0521792   1.65141433  1.65591912
  0.96786688  1.6182606  -0.00591777  1.55843195 -0.03211097 -1.59747181
 -1.71231     0.96028596]"
13,"[-1.42399074 -0.01164636 -1.62934721  0.05997833  1.65168159  1.65334862
  0.96682578  1.61109071 -0.00554766  1.55860491 -0.03634856 -1.59747493
 -1.72048653  0.96091293]"
14,"[-1.41571181 -0.01096115 -1.64218596  0.07466016  1.65853702  1.65856621
  0.96571351  1.61329295 -0.00457038  1.55616525 -0.03311306 -1.59732768
 -1.73169444  0.96024227]"
15,"[-1.39759149 -0.01354715 -1.65866374  0.08862099  1.65830928  1.66106383
  0.96470572  1.61590073 -0.00417414  1.55296764 -0.04261428 -1.59690382
 -1.74389175  0.95738055]"
16,"[-1.40040246 -0.01785867 -1.67385365  0.11110429  1.66186912  1.64541984
  0.96255617  1.6149815  -0.00542861  1.5585106  -0.04760022 -1.59796128
 -1.75832261  0.95627516]"
17,"[-1.38903711e+00 -1.61983256e-02 -1.68869620e+00  1.24870530e-01
  1.66348036e+00  1.68492134e+00  9.62303008e-01  1.60744230e+00
 -1.33652839e-03  1.55077243e+00 -4.38748429e-02 -1.59891158e+00
 -1.76831766e+00  9.64573862e-01]"
18,"[-1.38150554e+00 -2.27562182e-02 -1.70436143e+00  1.41216656e-01
  1.66719615e+00  1.68416899e+00  9.59686774e-01  1.60565617e+00
  9.30712218e-04  1.54631337e+00 -4.92388823e-02 -1.59719250e+00
 -1.78438661e+00  9.64373531e-01]"
19,"[-1.37566768 -0.02115956 -1.72651452  0.16567416  1.67553115  1.71469378
  0.95989501  1.59969982  0.00228264  1.54537746 -0.04711394 -1.59703778
 -1.78386639  0.96404664]"
20,"[-1.35027082 -0.01486321 -1.76031438  0.20073067  1.67655344  1.72303928
  0.95619807  1.62338721 -0.00413136  1.55001571 -0.05175676 -1.59900005
 -1.76972744  0.96144547]"
21,"[-1.33947102e+00 -2.78442159e-02 -1.77553493e+00  2.25897616e-01
  1.68223101e+00  1.77279958e+00  9.56561844e-01  1.61788390e+00
  1.09637225e-03  1.54997888e+00 -4.75422687e-02 -1.59870406e+00
 -1.77326870e+00  9.62328488e-01]"
22,"[-1.31718312 -0.0230447  -1.80655223  0.23698124  1.68337126  1.7529543
  0.95679714  1.63726089  0.00292942  1.54658666 -0.05197134 -1.59526016
 -1.77325726  0.96341761]"
23,"[-1.30675288 -0.02688765 -1.82343463  0.25618603  1.68868717  1.73693569
  0.95455555  1.63416309  0.00325352  1.54993258 -0.0529179  -1.59563357
 -1.78070389  0.96255598]"
24,"[-1.30320631 -0.03295556 -1.83348543  0.28665347  1.68693283  1.7336555
  0.95216839  1.63200965  0.00408536  1.55008077 -0.05284794 -1.59731794
 -1.78446705  0.96179412]"
25,"[-1.30378832 -0.03945295 -1.84484613  0.31119238  1.68640465  1.73925422
  0.95154685  1.63700224  0.0074882   1.54956679 -0.05443101 -1.60004348
 -1.79264806  0.96064751]"
26,"[-1.30124811 -0.04739505 -1.83468968  0.30289249  1.68541797  1.70201304
  0.95028982  1.63920663  0.00567672  1.54257391 -0.04573682 -1.60319963
 -1.79623354  0.96302175]"
27,"[-1.29200670e+00 -5.70935745e-02 -1.85047874e+00  3.23427767e-01
  1.68227134e+00  1.69843706e+00  9.50351674e-01  1.63917768e+00
 -3.75139317e-04  1.54652069e+00 -5.20940925e-02 -1.60141549e+00
 -1.80269732e+00  9.62976704e-01]"
28,"[-1.28881056e+00 -5.64251155e-02 -1.86449187e+00  3.44834867e-01
  1.68350729e+00  1.66373555e+00  9.49038820e-01  1.63306101e+00
  4.77404080e-04  1.54978252e+00 -4.95877693e-02 -1.60022826e+00
 -1.81199959e+00  9.62475418e-01]"
29,"[-1.28470206e+00 -7.30817629e-02 -1.86381637e+00  3.59168688e-01
  1.68016399e+00  1.65419494e+00  9.50361465e-01  1.63082536e+00
 -1.65652327e-03  1.55263661e+00 -4.90256266e-02 -1.59909812e+00
 -1.81688091e+00  9.64546518e-01]"
30,"[-1.26743242 -0.07802296 -1.88798815  0.38768409  1.67689991  1.66954484
  0.95009361  1.62801668 -0.00511151  1.55559267 -0.04340534 -1.59931617
 -1.82959204  0.96338734]"
31,"[-1.25760611 -0.08261476 -1.8980214   0.40516057  1.67634878  1.6945608
  0.94926532  1.62936596 -0.0067078   1.55773175 -0.04631117 -1.59737195
 -1.82774698  0.963812  ]"
32,"[-1.24730619 -0.07847461 -1.90747487  0.41725174  1.67860894  1.68964052
  0.94547247  1.62794557 -0.00215719  1.5511831  -0.04362724 -1.59565956
 -1.83169676  0.96061317]"
33,"[-1.23368887 -0.08399174 -1.93125874  0.43667077  1.6707328   1.67271561
  0.94499882  1.62468848 -0.00496076  1.55944095 -0.05214239 -1.59591585
 -1.83236322  0.96303652]"
34,"[-1.22434568 -0.09617487 -1.93679851  0.46441623  1.6722774   1.68903778
  0.94437627  1.62955286 -0.00481861  1.55967075 -0.05057468 -1.59923447
 -1.83717721  0.96311663]"
35,"[-1.22247113 -0.09083923 -1.94763889  0.4683527   1.67748597  1.69142475
  0.94164079  1.6340369  -0.00501652  1.55813893 -0.05107481 -1.59861789
 -1.84398369  0.9620758 ]"
36,"[-1.21999271 -0.09914131 -1.94515235  0.47243297  1.67475483  1.68972833
  0.94128707  1.6354773  -0.00710463  1.55397875 -0.04921169 -1.59770089
 -1.85008459  0.96202768]"
37,"[-1.21092386 -0.11915671 -1.95674866  0.51008475  1.67516544  1.70709315
  0.93834074  1.63430718 -0.01168071  1.55573688 -0.05234115 -1.60093474
 -1.84571474  0.96248759]"
38,"[-1.21435962 -0.13198871 -1.95383778  0.50869637  1.67695145  1.67934031
  0.9390342   1.63868397 -0.01161938  1.55679647 -0.04733611 -1.60245832
 -1.85293024  0.96101741]"
39,"[-1.21948413 -0.13295503 -1.95291279  0.51894087  1.67525169  1.62748823
  0.93679057  1.63619147 -0.0139507   1.5591637  -0.04511668 -1.60198176
 -1.85147243  0.96001074]"
40,"[-1.21272385 -0.14126021 -1.95649143  0.5200197   1.67654698  1.61887795
  0.93838711  1.63694642 -0.01927539  1.56623451 -0.0501919  -1.60106671
 -1.85808283  0.96040545]"
41,"[-1.21226961 -0.16020614 -1.95319316  0.53859957  1.67962393  1.60066023
  0.93773924  1.63721682 -0.02504903  1.57013111 -0.04023226 -1.60269199
 -1.85964017  0.96405581]"
42,"[-1.20553958 -0.1684688  -1.9564141   0.55626277  1.67850379  1.60388464
  0.93556609  1.64629395 -0.0256612   1.57057607 -0.04294126 -1.60631832
 -1.86049046  0.96374307]"
43,"[-1.20812259 -0.17009223 -1.9736075   0.57257458  1.67566361  1.59482183
  0.93265087  1.64757725 -0.0238762   1.57111783 -0.04035124 -1.6044971
 -1.86156458  0.96342786]"
44,"[-1.20615116 -0.17910402 -1.97566507  0.58222356  1.67374063  1.59258925
  0.93227923  1.64755564 -0.02933288  1.57139571 -0.04251813 -1.60165526
 -1.87199409  0.96339628]"
45,"[-1.20155298 -0.18100958 -1.97738636  0.58494442  1.66972003  1.5816913
  0.93473345  1.64764379 -0.0297096   1.57609827 -0.04160353 -1.60219817
 -1.87237983  0.96240119]"
46,"[-1.20113947 -0.19112712 -1.97573622  0.59301329  1.66909713  1.57767682
  0.93458133  1.64772933 -0.03533674  1.57693147 -0.03820589 -1.60139023
 -1.87580433  0.96412318]"
47,"[-1.20833723 -0.21005207 -1.96937452  0.60311484  1.66476738  1.57792093
  0.93668881  1.65051346 -0.03792849  1.58210744 -0.03955234 -1.60240816
 -1.87503813  0.96424119]"
48,"[-1.20746603 -0.21117916 -1.96926993  0.60619631  1.6644928   1.57735522
  0.93522393  1.65790614 -0.03617302  1.57736993 -0.03819963 -1.6027395
 -1.87228431  0.96322358]"
49,"[-1.20561728 -0.22193001 -1.96992606  0.61665154  1.66535563  1.59506643
  0.93648835  1.66096916 -0.04123334  1.58005547 -0.03288206 -1.60105384
 -1.87433426  0.96398843]"
50,"[-1.20578143 -0.22267984 -1.97454841  0.63349622  1.66271656  1.58970372
  0.9353645   1.65906761 -0.03752538  1.57431677 -0.03370888 -1.60040928
 -1.88191762  0.96408616]"
51,"[-1.20176419 -0.23031145 -1.97326102  0.64387732  1.6579213   1.58471875
  0.93495748  1.6590587  -0.04231243  1.57906668 -0.03483905 -1.60093988
 -1.88645724  0.96045354]"
52,"[-1.19929872 -0.23770574 -1.97021028  0.64851212  1.65791361  1.57738506
  0.93249888  1.65807403 -0.04088682  1.57792635 -0.032288   -1.6043474
 -1.88695865  0.96165021]"
53,"[-1.19688445 -0.24376972 -1.97402265  0.66095523  1.65810173  1.57739749
  0.93281619  1.66103653 -0.04219677  1.57692965 -0.03163163 -1.60060916
 -1.88830952  0.96030676]"
54,"[-1.19797257 -0.25449491 -1.97334232  0.67093173  1.65398889  1.56811978
  0.93273943  1.6669681  -0.0469963   1.58215688 -0.02587596 -1.60493615
 -1.89151165  0.96076009]"
55,"[-1.19889474 -0.26024196 -1.97004048  0.67422644  1.65472553  1.57338317
  0.93566276  1.66730129 -0.05060285  1.58771273 -0.02717051 -1.60404111
 -1.89012775  0.96063233]"
56,"[-1.19817246 -0.26155276 -1.97326302  0.66887781  1.65324061  1.56004216
  0.93558929  1.66328883 -0.04963812  1.58427418 -0.03100754 -1.6036839
 -1.89770596  0.95979621]"
57,"[-1.1919573  -0.25984477 -1.98029578  0.67546351  1.64837563  1.55364957
  0.93805955  1.66419834 -0.04692299  1.58210669 -0.03245167 -1.60290965
 -1.90202881  0.96084715]"
58,"[-1.189986   -0.25827228 -1.97890296  0.67541368  1.64481401  1.54365137
  0.93840237  1.66571125 -0.04816218  1.58169173 -0.03068312 -1.60363334
 -1.90986907  0.95986175]"
59,"[-1.19221072 -0.2716792  -1.97636729  0.67933486  1.6434797   1.53334752
  0.93533693  1.66734813 -0.05088156  1.58412531 -0.02988245 -1.60465067
 -1.91232525  0.96026941]"
60,"[-1.19286047 -0.27590084 -1.97364678  0.67962856  1.64125897  1.5257674
  0.93640852  1.67032376 -0.05044264  1.5846163  -0.03198664 -1.60404895
 -1.9159903   0.96067865]"
61,"[-1.1926511  -0.27748098 -1.96785343  0.68320581  1.63887894  1.51896367
  0.93597269  1.67732388 -0.05375871  1.58630077 -0.02974458 -1.60490306
 -1.91760109  0.95946823]"
62,"[-1.19517187 -0.28045333 -1.96300229  0.67026562  1.63703086  1.50763767
  0.93701064  1.67449473 -0.05189381  1.58687277 -0.02852142 -1.60693169
 -1.92246817  0.95856287]"
63,"[-1.19888077 -0.28776579 -1.95199416  0.67143183  1.63595508  1.48650663
  0.9389728   1.6723454  -0.05277694  1.58895777 -0.025457   -1.60747036
 -1.92619055  0.95877603]"
64,"[-1.19670285 -0.29229556 -1.95322003  0.67595882  1.63304782  1.48036958
  0.93824087  1.67438933 -0.05335499  1.58943446 -0.02447628 -1.60715132
 -1.92922751  0.95680854]"
65,"[-1.19595798 -0.29105377 -1.95395856  0.67472915  1.63436129  1.46377618
  0.93707811  1.67726104 -0.05074482  1.58398552 -0.02083128 -1.60802946
 -1.93984694  0.95879393]"
66,"[-1.19653465 -0.29308337 -1.95356057  0.6781033   1.63494947  1.46811386
  0.93730162  1.68245773 -0.05118702  1.58372277 -0.02024312 -1.60689033
 -1.92784753  0.95930691]"
67,"[-1.19510732 -0.2941165  -1.94982488  0.67309812  1.63347836  1.45067489
  0.93594236  1.67968655 -0.04764961  1.58688329 -0.02008024 -1.60894003
 -1.93228288  0.9599064 ]"
68,"[-1.19752348 -0.29714016 -1.95174295  0.67387472  1.6273483   1.43930094
  0.93342856  1.68247731 -0.05016443  1.58582604 -0.01712461 -1.60887098
 -1.93591501  0.95913086]"
69,"[-1.194082   -0.30067205 -1.94839486  0.67268657  1.62328063  1.43936047
  0.93116891  1.67580697 -0.05310642  1.58790281 -0.01783892 -1.60846067
 -1.93886443  0.96040624]"
70,"[-1.19449763 -0.30185514 -1.94671265  0.67135962  1.61917981  1.4219914
  0.93262867  1.67920892 -0.05406709  1.58971893 -0.01676412 -1.61005529
 -1.94128972  0.95994897]"
71,"[-1.19514292 -0.30276364 -1.94739955  0.66783341  1.62074444  1.40870969
  0.92816592  1.68472977 -0.05193084  1.58472823 -0.01250776 -1.61058827
 -1.94220577  0.95949023]"
72,"[-1.19623036 -0.30369072 -1.93763821  0.66069124  1.61859029  1.40263834
  0.93171027  1.68890247 -0.05279631  1.5887729  -0.01599288 -1.6132118
 -1.9481464   0.9579157 ]"
73,"[-1.19885137 -0.30766971 -1.9361013   0.65960184  1.61837601  1.3785824
  0.92999939  1.69436926 -0.05109939  1.59049402 -0.01350131 -1.61273935
 -1.95236299  0.95946569]"
74,"[-1.19372882 -0.31065328 -1.93409141  0.66346734  1.61241661  1.37524034
  0.93296824  1.69659357 -0.0537772   1.58831634 -0.01504194 -1.61181491
 -1.95230679  0.9577054 ]"
75,"[-1.19446742 -0.31200512 -1.93181829  0.66110539  1.61034388  1.36584842
  0.92512992  1.69805665 -0.05218722  1.59041067 -0.01071554 -1.61312567
 -1.96697006  0.95807128]"
76,"[-1.19613884 -0.31478874 -1.9342404   0.66555722  1.6119685   1.35905565
  0.9156154   1.70011666 -0.0521151   1.59411104 -0.01201279 -1.61462601
 -1.96754486  0.95874845]"
77,"[-1.19815822 -0.31977336 -1.93155605  0.6630028   1.61177112  1.33731188
  0.90718245  1.70013188 -0.0522734   1.59033838 -0.00832938 -1.61558084
 -1.97265798  0.95780167]"
78,"[-1.19944428 -0.32202157 -1.93007747  0.66439412  1.60795051  1.32958212
  0.89896657  1.70307886 -0.05055158  1.58942635 -0.00405426 -1.61292739
 -1.97504688  0.9585796 ]"
79,"[-1.19495409 -0.32680176 -1.93453759  0.66536999  1.60996667  1.33049403
  0.89460294  1.70268479 -0.05200448  1.58676755 -0.00549225 -1.61436741
 -1.9792241   0.95788015]"
80,"[-1.19822126e+00 -3.29482190e-01 -1.92894267e+00  6.61000220e-01
  1.60574098e+00  1.33066465e+00  8.87265493e-01  1.70773679e+00
 -4.87497033e-02  1.58682050e+00 -6.90047905e-04 -1.61727593e+00
 -1.98654833e+00  9.56849322e-01]"
81,"[-1.19708661e+00 -3.22888055e-01 -1.92925633e+00  6.59883325e-01
  1.60515260e+00  1.31004363e+00  8.83347995e-01  1.70953556e+00
 -4.86149024e-02  1.58717126e+00 -1.24292354e-03 -1.61741533e+00
 -1.98803785e+00  9.58075497e-01]"
82,"[-1.19545986 -0.32584722 -1.92784465  0.65951257  1.60292151  1.29868598
  0.87558055  1.71144738 -0.05236804  1.59005884 -0.00254207 -1.61831501
 -1.99159802  0.95753834]"
83,"[-1.19354613 -0.31719882 -1.93114349  0.64677082  1.60208791  1.31215019
  0.90307896  1.71740787 -0.05158772  1.58796091 -0.00356916 -1.61747835
 -1.99042507  0.95489377]"
84,"[-1.19375977e+00 -3.19716446e-01 -1.93035878e+00  6.52920726e-01
  1.59700842e+00  1.30900191e+00  8.97981431e-01  1.71740215e+00
 -5.44850952e-02  1.59382585e+00  7.59096574e-04 -1.61778567e+00
 -1.99079273e+00  9.58676716e-01]"
85,"[-1.19627210e+00 -3.22163079e-01 -1.92206032e+00  6.44682208e-01
  1.59939295e+00  1.29435892e+00  8.89966262e-01  1.71910318e+00
 -5.38725784e-02  1.59510364e+00  1.18491589e-03 -1.61688790e+00
 -1.99728388e+00  9.59881415e-01]"
86,"[-1.19706779 -0.32097053 -1.92133259  0.63977529  1.59899389  1.2836448
  0.89660559  1.72650396 -0.05431233  1.59411924  0.00353289 -1.61934878
 -1.99972296  0.95831415]"
87,"[-1.19484216 -0.32123758 -1.92015066  0.64419658  1.60054392  1.2727601
  0.88752436  1.73108835 -0.05308412  1.5960883   0.00261241 -1.61797749
 -2.00454319  0.95681361]"
88,"[-1.19655139 -0.31954539 -1.92280037  0.64350304  1.5948247   1.2803159
  0.87203051  1.73122326 -0.05445212  1.58969156  0.00753583 -1.61652615
 -2.00845012  0.95961205]"
89,"[-1.19843823 -0.31839256 -1.91827159  0.63374957  1.59655874  1.28133677
  0.85734125  1.73875195 -0.05598897  1.59357195  0.01031419 -1.62096638
 -2.01604799  0.95845227]"
90,"[-1.19880174 -0.31695861 -1.91512633  0.62992566  1.59679288  1.26301274
  0.8612531   1.74388321 -0.05897711  1.59597064  0.00941935 -1.61906986
 -2.01563718  0.95703935]"
91,"[-1.1992384  -0.31677167 -1.91559085  0.62724985  1.59515353  1.25174811
  0.85242809  1.74741882 -0.05660189  1.60000305  0.00740224 -1.62274945
 -2.02062327  0.95572509]"
92,"[-1.19781643 -0.31967544 -1.91020686  0.62507127  1.5892324   1.23270224
  0.84903252  1.74824145 -0.05548384  1.60379459  0.00707747 -1.62235975
 -2.02782853  0.95465714]"
93,"[-1.20102224 -0.31530645 -1.90359044  0.61456108  1.58859935  1.23657143
  0.88121336  1.75118423 -0.05444459  1.60138312  0.00683299 -1.62216992
 -2.03111259  0.95413342]"
94,"[-1.20017491 -0.3178612  -1.90255912  0.61450868  1.58863227  1.22748683
  0.87994127  1.75280816 -0.05449993  1.60013873  0.00722656 -1.62127636
 -2.03623523  0.95543986]"
95,"[-1.20118869 -0.31615764 -1.90139006  0.61067869  1.58608231  1.23053375
  0.87459793  1.75777115 -0.05496612  1.59748482  0.007043   -1.62188765
 -2.03821212  0.95568931]"
96,"[-1.19982493 -0.32376593 -1.89883193  0.61298081  1.58666815  1.22872613
  0.86406441  1.76063929 -0.05609678  1.60202043  0.01403646 -1.62264689
 -2.03610086  0.95901989]"
97,"[-1.19987654 -0.32272248 -1.8950148   0.61966025  1.58298089  1.23768252
  0.86153091  1.76042856 -0.05722267  1.5986949   0.01113028 -1.62311509
 -2.04230801  0.95863231]"
98,"[-1.19741538 -0.32873138 -1.89631949  0.6234892   1.5861968   1.22270862
  0.85301725  1.76512403 -0.05468392  1.59905766  0.01009705 -1.6270002
 -2.04913967  0.95815422]"
99,"[-1.19717867 -0.33971708 -1.88691656  0.61867926  1.58082873  1.20222801
  0.84942596  1.76889957 -0.05137148  1.60402111  0.01117691 -1.62382585
 -2.04788549  0.95828513]"
100,"[-1.19787244 -0.33960376 -1.89380776  0.63701468  1.57831525  1.19738971
  0.83757051  1.77901018 -0.05227965  1.60558855  0.01222534 -1.62479539
 -2.05244887  0.95554743]"
101,"[-1.19946145 -0.33672581 -1.8943196   0.62836806  1.57709215  1.20909681
  0.85553993  1.78048902 -0.04803957  1.60418134  0.01174002 -1.62731647
 -2.05876778  0.95702896]"
102,"[-1.20090203 -0.34214003 -1.88804481  0.62234671  1.5775566   1.20237235
  0.85306362  1.77755048 -0.04853356  1.60890296  0.00983971 -1.62395488
 -2.05678487  0.9546288 ]"
103,"[-1.2047304  -0.34318758 -1.87789826  0.61564557  1.57415371  1.20640479
  0.84559258  1.77792594 -0.04909411  1.60813387  0.00872414 -1.62545463
 -2.0511794   0.95429614]"
104,"[-1.20284395 -0.34474269 -1.87684175  0.6148597   1.57637574  1.20255578
  0.85020982  1.79064153 -0.04965782  1.60984301  0.01135405 -1.62398947
 -2.05490095  0.95657051]"
105,"[-1.20343597 -0.34599438 -1.87112628  0.62263601  1.57268349  1.20517444
  0.8513377   1.78558913 -0.04230639  1.60414826  0.0130041  -1.62218959
 -2.06241363  0.9546222 ]"
106,"[-1.1998644  -0.34859184 -1.86823569  0.62127915  1.5750125   1.21241932
  0.85491365  1.78807067 -0.03974155  1.60624517  0.01781471 -1.62267129
 -2.06418463  0.95633919]"
107,"[-1.20412136 -0.34864655 -1.86759265  0.61089341  1.57148825  1.19926171
  0.84587882  1.80002364 -0.04174258  1.60665699  0.01631283 -1.62248582
 -2.06735141  0.95749185]"
108,"[-1.20099312 -0.33968614 -1.86659036  0.60725894  1.5737183   1.20934949
  0.83744167  1.80367441 -0.04212379  1.60261663  0.01648112 -1.62679518
 -2.07695235  0.95693785]"
109,"[-1.19801176 -0.34135964 -1.8585859   0.61374467  1.56732098  1.21263502
  0.8302805   1.80763098 -0.04152009  1.60469672  0.01544436 -1.62730388
 -2.08208171  0.9581859 ]"
110,"[-1.19997711 -0.33976419 -1.85054265  0.60783075  1.56036621  1.20676286
  0.81481347  1.8136072  -0.0380608   1.60624951  0.01078827 -1.62665284
 -2.07714039  0.95967647]"
111,"[-1.20070194 -0.35061661 -1.84518723  0.60253902  1.56289727  1.2001986
  0.7960173   1.81816269 -0.03401816  1.60307594  0.0201417  -1.62669438
 -2.08044746  0.95960858]"
112,"[-1.20138728 -0.35622011 -1.84630725  0.6016775   1.56142261  1.18429442
  0.77459409  1.82123895 -0.03444883  1.59879601  0.02882738 -1.62516569
 -2.08587385  0.95763118]"
113,"[-1.2007093  -0.35489486 -1.83593582  0.59433694  1.56271231  1.18889046
  0.76022601  1.82781096 -0.03284325  1.60081196  0.02442824 -1.627955
 -2.08624941  0.95770131]"
114,"[-1.19843768 -0.36015452 -1.83601289  0.5929312   1.56083431  1.17722632
  0.72862068  1.82754363 -0.02897077  1.59974101  0.02732945 -1.62683956
 -2.08762641  0.95665321]"
115,"[-1.20220675 -0.36237386 -1.82674092  0.59942841  1.5596703   1.19878065
  0.7016452   1.82962891 -0.03190277  1.60005199  0.02532952 -1.62671553
 -2.08839777  0.956966  ]"
116,"[-1.20165047 -0.36557569 -1.8193466   0.58819337  1.56207557  1.21039658
  0.6759924   1.83114382 -0.02907247  1.60052816  0.02851065 -1.62698381
 -2.08969098  0.95721941]"
117,"[-1.20053487 -0.36341226 -1.82330012  0.59265038  1.56547161  1.20409118
  0.63511684  1.83564767 -0.02573561  1.59820697  0.02780821 -1.62565227
 -2.09358896  0.95789814]"
118,"[-1.20628617 -0.36654566 -1.81697788  0.59083621  1.56354699  1.20546531
  0.59747052  1.84192396 -0.02364496  1.59885945  0.03305851 -1.62650506
 -2.09981541  0.95783703]"
119,"[-1.20746764 -0.37189362 -1.81761384  0.591646    1.56337042  1.21131912
  0.54630159  1.84606107 -0.0233559   1.60059163  0.03037204 -1.62524862
 -2.10097812  0.95771417]"
120,"[-1.20640494 -0.37236817 -1.80915545  0.59172415  1.56334342  1.20731219
  0.51317741  1.84778197 -0.01990959  1.5990116   0.02915495 -1.62711149
 -2.10478379  0.95827581]"
121,"[-1.21098966 -0.37037225 -1.81136971  0.58629273  1.56023978  1.1918125
  0.47803713  1.84758014 -0.02167879  1.59809423  0.03368887 -1.62706899
 -2.10721368  0.95787065]"
122,"[-1.21563444 -0.37356197 -1.80427454  0.5767904   1.55806683  1.20279067
  0.42830846  1.85328486 -0.02078494  1.59039932  0.0326932  -1.62624402
 -2.10816225  0.95678028]"
123,"[-1.21784115 -0.37138581 -1.80238198  0.5778335   1.55341944  1.20740599
  0.42389858  1.85864368 -0.02304059  1.59124187  0.0453485  -1.62595079
 -2.10523053  0.95693934]"
124,"[-1.22175742 -0.36895199 -1.79493862  0.56873467  1.55704505  1.20976469
  0.36692421  1.86192445 -0.02542769  1.59466151  0.0420069  -1.626186
 -2.10994375  0.95778615]"
125,"[-1.22857035 -0.36531467 -1.78922574  0.55998554  1.55890288  1.21496157
  0.31008505  1.86250142 -0.02149761  1.59299436  0.04497053 -1.62648732
 -2.10744244  0.95649724]"
126,"[-1.23422145 -0.36295157 -1.78360884  0.55057895  1.5584476   1.23643598
  0.29567125  1.86386854 -0.02160923  1.58746995  0.04448799 -1.62654794
 -2.11123972  0.95475773]"
127,"[-1.24153525 -0.3536538  -1.77666544  0.5423436   1.5550936   1.21979566
  0.28791135  1.86545412 -0.02095408  1.58951844  0.04118398 -1.62744288
 -2.10741646  0.95610488]"
128,"[-1.25034645 -0.33943937 -1.76636288  0.53086587  1.560252    1.22608841
  0.22797862  1.87028814 -0.02218133  1.5865468   0.04332121 -1.62838195
 -2.10908828  0.95655044]"
129,"[-1.26161871 -0.32623298 -1.7609273   0.52212349  1.55705331  1.24202096
  0.19524003  1.86871094 -0.022374    1.59106016  0.04896717 -1.62989524
 -2.10478904  0.95819733]"
130,"[-1.27010008 -0.31259449 -1.75157222  0.50300812  1.55875073  1.2641201
  0.16057545  1.86646818 -0.02053861  1.5867027   0.04760994 -1.63067424
 -2.10865075  0.95763901]"
131,"[-1.28448979 -0.29474639 -1.74541232  0.48711025  1.56138939  1.27854082
  0.11363755  1.8648701  -0.02141435  1.58787401  0.04962504 -1.63201089
 -2.10925857  0.95775336]"
132,"[-1.29699074 -0.28073125 -1.73824164  0.4743575   1.56011744  1.28727112
  0.10586717  1.86235772 -0.0167661   1.58538168  0.04236137 -1.63069661
 -2.10898864  0.95800335]"
133,"[-1.3045035  -0.27127357 -1.73358779  0.46573436  1.55435367  1.29226084
  0.13300675  1.85969216 -0.02177057  1.58423342  0.04369892 -1.63345157
 -2.11327124  0.95670846]"
134,"[-1.319343   -0.25655256 -1.72418933  0.44649621  1.55937371  1.29531112
  0.10282557  1.86001527 -0.02042588  1.58406642  0.04298015 -1.63532579
 -2.11043301  0.95539962]"
135,"[-1.32845548 -0.24377481 -1.72292689  0.43722425  1.55666291  1.29592501
  0.1040052   1.8593016  -0.02257731  1.58239628  0.04102394 -1.63703283
 -2.1119529   0.95517914]"
136,"[-1.34171699 -0.22340333 -1.71846807  0.41857633  1.55664172  1.31655679
  0.08622562  1.85641874 -0.02414439  1.57787431  0.04232274 -1.6394303
 -2.11034145  0.95279459]"
137,"[-1.35761925 -0.19554934 -1.72105212  0.41456174  1.55534347  1.32199108
  0.08122125  1.8548718  -0.02321213  1.57556209  0.03723872 -1.64353468
 -2.10906544  0.95309429]"
138,"[-1.37150089 -0.18693836 -1.71846095  0.40688225  1.55086487  1.32695705
  0.07069482  1.85581563 -0.02527759  1.57716437  0.03434744 -1.64950227
 -2.10828618  0.95355681]"
139,"[-1.37690094 -0.17387727 -1.7163699   0.40047158  1.55502278  1.30741764
  0.07229187  1.85307795 -0.02043976  1.57501274  0.02918747 -1.64858053
 -2.10776535  0.95439506]"
140,"[-1.38119426 -0.16803714 -1.72165614  0.40341778  1.5501794   1.30169287
  0.07460867  1.85809235 -0.01580668  1.57179892  0.02439812 -1.65442094
 -2.107701    0.95412078]"
141,"[-1.38234108 -0.16328549 -1.72508384  0.40084717  1.54874351  1.30980126
  0.07347469  1.85315194 -0.0174691   1.57382007  0.02317987 -1.65805193
 -2.11474789  0.95557463]"
142,"[-1.39085416 -0.16443256 -1.71919885  0.39479177  1.54972221  1.30468688
  0.07613223  1.85394066 -0.02017156  1.57603108  0.02106488 -1.65875877
 -2.11502037  0.95376212]"
143,"[-1.39131941 -0.16236838 -1.71358468  0.37333714  1.55217554  1.32072484
  0.08251654  1.85189548 -0.01938468  1.57706272  0.02130804 -1.65607187
 -2.10609648  0.95486781]"
144,"[-1.39837359 -0.16938127 -1.70782303  0.3787098   1.54762443  1.31475531
  0.08448962  1.85206591 -0.02359857  1.58091855  0.01873017 -1.65777528
 -2.114036    0.95465633]"
145,"[-1.40370332 -0.1706455  -1.71545313  0.38756403  1.55036258  1.29997942
  0.08809412  1.84878132 -0.02488123  1.58574073  0.02338356 -1.65462276
 -2.11016011  0.9544601 ]"
146,"[-1.408733   -0.17168739 -1.71436931  0.39075886  1.55545079  1.29240977
  0.08626813  1.84472597 -0.02652344  1.59237948  0.02103523 -1.64934969
 -2.10755837  0.95335003]"
147,"[-1.42036293 -0.16909643 -1.70373725  0.37743277  1.55212156  1.2898376
  0.08647996  1.83763427 -0.03526208  1.59129659  0.01918013 -1.65009128
 -2.11022326  0.95134353]"
148,"[-1.42605361 -0.16271403 -1.70313191  0.36735581  1.5521013   1.28933074
  0.10046992  1.83853414 -0.03812643  1.59077626  0.0170197  -1.65411904
 -2.10924628  0.95332026]"
149,"[-1.4427061  -0.14577219 -1.70227979  0.36473133  1.55516486  1.299251
  0.04881174  1.8320116  -0.03625399  1.59545922  0.00862709 -1.65486823
 -2.10625253  0.95499967]"
150,"[-1.44729506 -0.13758948 -1.71474031  0.3726738   1.54676258  1.32276113
  0.04918029  1.82816785 -0.04147902  1.59596944  0.00475276 -1.6604259
 -2.10577058  0.95503617]"
151,"[-1.4561229  -0.13018665 -1.71040221  0.36963329  1.54554191  1.34175237
  0.04694258  1.82573124 -0.040938    1.60145559 -0.00879981 -1.66135388
 -2.10297277  0.9568128 ]"
152,"[-1.473586   -0.10950208 -1.70327709  0.34971425  1.54178746  1.35545372
  0.04836363  1.8250937  -0.03603401  1.60060915 -0.01296383 -1.66547904
 -2.09988649  0.95631686]"
153,"[-1.47397263 -0.10549789 -1.70465688  0.34729692  1.53941868  1.36181522
  0.04900447  1.82540549 -0.04368895  1.60554626 -0.01989494 -1.6644499
 -2.10029134  0.95621022]"
154,"[-1.48551661 -0.10356563 -1.7042927   0.35753161  1.53842052  1.36981154
  0.0439719   1.82961594 -0.03137013  1.59445828 -0.02258464 -1.66844994
 -2.09962734  0.95591645]"
155,"[-1.49247234 -0.10073262 -1.71475608  0.37427507  1.53501695  1.38272009
  0.04252266  1.82716041 -0.02835994  1.59082528 -0.02939906 -1.67419887
 -2.09569469  0.95753553]"
156,"[-1.50656032 -0.09347967 -1.71441561  0.37635798  1.54695092  1.38044727
  0.05067994  1.82616292 -0.02879157  1.58393286 -0.01398234 -1.67190159
 -2.09106934  0.95758319]"
157,"[-1.5111963  -0.08471206 -1.7126202   0.37575626  1.54396863  1.38449302
  0.05845162  1.8270048  -0.03232355  1.58466054 -0.02401049 -1.67649479
 -2.08813965  0.95807499]"
158,"[-1.51425383 -0.06806143 -1.72169098  0.38067349  1.53588172  1.3972896
  0.07932792  1.82361325 -0.02939792  1.58778451 -0.02945573 -1.6812389
 -2.08745771  0.95617257]"
159,"[-1.52302319 -0.05753559 -1.72610527  0.38739664  1.53274323  1.41906823
  0.07755497  1.82633441 -0.03300675  1.59108131 -0.03582594 -1.68844688
 -2.08814426  0.95775923]"
160,"[-1.52050163 -0.04952043 -1.73126304  0.39037111  1.53544596  1.42565795
  0.09502197  1.81468955 -0.03049307  1.58400587 -0.02172106 -1.68485053
 -2.07726431  0.95865482]"
161,"[-1.52850901 -0.04722841 -1.72720757  0.392448    1.52861462  1.44184675
  0.09517789  1.81970109 -0.03299293  1.58412011 -0.03350301 -1.69838009
 -2.07689476  0.96132665]"
162,"[-1.52899141 -0.03702689 -1.7270272   0.39187092  1.5223508   1.46961721
  0.09530015  1.81754245 -0.03545953  1.57692841 -0.0364249  -1.70395941
 -2.07581796  0.95969888]"
163,"[-1.52972123 -0.03746598 -1.72303934  0.39368006  1.5030324   1.49035039
  0.10254185  1.82374189 -0.03510592  1.5794255  -0.04806192 -1.71474961
 -2.07163931  0.95918191]"
164,"[-1.54568878 -0.00565112 -1.70894164  0.37366223  1.50364719  1.51686551
  0.08983769  1.82508194 -0.03743261  1.57844537 -0.06495359 -1.7265115
 -2.07179512  0.96063539]"
165,"[-1.55029029  0.00423007 -1.7154052   0.37609519  1.48978548  1.53446464
  0.09520945  1.82735938 -0.03966686  1.57685761 -0.07897488 -1.74117498
 -2.07060555  0.96092438]"
166,"[-1.55540396  0.0081881  -1.70851377  0.38259428  1.48297679  1.55973881
  0.0964971   1.8324398  -0.04660477  1.57745906 -0.08903065 -1.75113339
 -2.07037154  0.95759398]"
167,"[-1.55490896  0.0078754  -1.70692717  0.38966962  1.47061719  1.58618335
  0.09929705  1.83595044 -0.05242445  1.57641601 -0.1041376  -1.76498982
 -2.07281594  0.96263066]"
168,"[-1.55178884  0.0317302  -1.71927593  0.38105209  1.44847854  1.60589537
  0.10307584  1.84178905 -0.05287559  1.5779771  -0.12403902 -1.78144442
 -2.07987479  0.96271113]"
169,"[-1.54956927  0.03406467 -1.71015121  0.37459033  1.42639147  1.64598699
  0.10497477  1.84760316 -0.05225584  1.5736744  -0.15990248 -1.80128947
 -2.08340453  0.96297205]"
170,"[-1.54899587  0.04103342 -1.71565144  0.38422408  1.40573095  1.66046827
  0.11611835  1.85932948 -0.05449257  1.56863546 -0.17927616 -1.8132272
 -2.08329984  0.95860106]"
171,"[-1.5387439   0.04432364 -1.72176382  0.39474534  1.38754144  1.69805025
  0.11836314  1.8680236  -0.05437351  1.56572015 -0.19532906 -1.82601652
 -2.07738908  0.95990754]"
172,"[-1.54142441  0.0403292  -1.72592498  0.4189498   1.37828887  1.70954545
  0.10787877  1.87634201 -0.05138042  1.56510295 -0.20312362 -1.83862788
 -2.07417091  0.96050874]"
173,"[-1.54353511  0.03027933 -1.72842915  0.45309703  1.36199893  1.7290408
  0.1028499   1.88706387 -0.05198912  1.56268492 -0.21747892 -1.85493691
 -2.07156306  0.96289677]"
174,"[-1.54570918  0.02682919 -1.72286676  0.45961711  1.352304    1.72935172
  0.08395936  1.89296809 -0.04428836  1.56802207 -0.23853892 -1.86097916
 -2.06678031  0.96207702]"
175,"[-1.53862527  0.04729    -1.72940984  0.45781158  1.34744112  1.73740606
  0.07499879  1.89674456 -0.04166328  1.56675223 -0.25856641 -1.86688524
 -2.07597763  0.96032519]"
176,"[-1.55030846  0.03581681 -1.7166351   0.46260338  1.34511529  1.73577158
  0.06056138  1.90126865 -0.03858296  1.56587424 -0.27468182 -1.87405786
 -2.07125556  0.96019061]"
177,"[-1.54263789  0.0389186  -1.73125832  0.47757962  1.33175539  1.76325547
  0.05891998  1.90896884 -0.04077038  1.57199743 -0.29639219 -1.88304349
 -2.0921501   0.95997439]"
178,"[-1.53314558  0.03285478 -1.73209645  0.50955871  1.3170388   1.77755578
  0.06535007  1.90908086 -0.03616469  1.57053643 -0.31257608 -1.89069447
 -2.09627733  0.96143957]"
179,"[-1.53701645  0.02635981 -1.72556641  0.51360447  1.30601978  1.77602257
  0.06124737  1.91313256 -0.02952728  1.55971062 -0.31773875 -1.8961596
 -2.09766641  0.96376797]"
180,"[-1.51782584  0.02462468 -1.73894783  0.5329256   1.28948401  1.79259867
  0.0583748   1.93134624 -0.02796797  1.56427444 -0.33672797 -1.91137949
 -2.09373806  0.96251863]"
181,"[-1.52092941  0.01383392 -1.72876084  0.54377587  1.27942648  1.78746879
  0.05348987  1.93982289 -0.03056661  1.56555169 -0.34317783 -1.91575686
 -2.09089931  0.96352181]"
182,"[-1.52433477  0.02306077 -1.73899429  0.5516163   1.26743037  1.78926871
  0.05430979  1.93788055 -0.01514586  1.5655104  -0.35207471 -1.91855608
 -2.10324025  0.96258171]"
183,"[-1.51683477  0.02085363 -1.75233168  0.57976188  1.25345591  1.78414161
  0.05357626  1.9473092  -0.01286568  1.56599624 -0.38512508 -1.93376424
 -2.11293786  0.96126068]"
184,"[-1.5085745   0.02118616 -1.76385512  0.58419163  1.2436785   1.80549421
  0.05490439  1.95769998 -0.01030836  1.56807259 -0.39223085 -1.93816064
 -2.11166913  0.96010741]"
185,"[-1.50316638e+00  1.14213071e-02 -1.76312575e+00  5.99852282e-01
  1.23804111e+00  1.80692880e+00  5.56691644e-02  1.96161483e+00
  1.94017634e-03  1.56926131e+00 -3.99030976e-01 -1.93849538e+00
 -2.10960567e+00  9.60632143e-01]"
186,"[-1.50277052e+00  1.52535919e-02 -1.75407618e+00  5.97877983e-01
  1.23579593e+00  1.80520448e+00  4.33288800e-02  1.95655653e+00
  1.52858324e-03  1.57475689e+00 -4.18939121e-01 -1.94126552e+00
 -2.12038399e+00  9.59383288e-01]"
187,"[-1.49666619e+00  7.04313555e-03 -1.76727452e+00  5.99441397e-01
  1.21832337e+00  1.80331168e+00  4.28174673e-02  1.96074693e+00
 -1.75555489e-03  1.58137758e+00 -4.17757036e-01 -1.94101631e+00
 -2.10674813e+00  9.61543339e-01]"
188,"[-1.4862319   0.00250296 -1.76275924  0.61635266  1.20528366  1.81646764
  0.03808158  1.96007421  0.00619658  1.5800675  -0.43065252 -1.94056892
 -2.12193093  0.96116412]"
189,"[-1.47888169 -0.00575821 -1.77009681  0.63281404  1.19571461  1.80967513
  0.03873471  1.96115201  0.01419677  1.57396722 -0.4255678  -1.938879
 -2.12532506  0.9579899 ]"
190,"[-1.47451818 -0.00913363 -1.77741804  0.63625496  1.17309853  1.81857049
  0.03238531  1.94615093  0.01743661  1.5814978  -0.43561284 -1.93591536
 -2.12241345  0.95948406]"
191,"[-1.48156133 -0.01767402 -1.78266332  0.65247876  1.17620963  1.80391853
  0.03298934  1.94869446  0.01752102  1.5943499  -0.44930143 -1.93529122
 -2.13186028  0.95815644]"
192,"[-1.4772331  -0.0123372  -1.79324069  0.67643467  1.17085145  1.77875965
  0.02794186  1.94108865  0.01856552  1.60161054 -0.46352627 -1.94032358
 -2.13647404  0.95663753]"
193,"[-1.47822755 -0.01629492 -1.80180289  0.67815823  1.17503034  1.7663975
  0.03044841  1.94253528  0.02418592  1.60268767 -0.47493237 -1.93844252
 -2.135837    0.95599505]"
194,"[-1.47668473 -0.01929857 -1.80410027  0.69743665  1.1672413   1.75596782
  0.03047147  1.94626276  0.02402015  1.60442612 -0.47461458 -1.94327209
 -2.13285158  0.95535508]"
195,"[-1.47664888 -0.02537751 -1.81357695  0.71474109  1.16523129  1.75564644
  0.02892526  1.93640489  0.02477745  1.61593736 -0.48920319 -1.93966826
 -2.13700496  0.9554683 ]"
196,"[-1.48055872 -0.03005606 -1.82084251  0.73333712  1.16255621  1.73716136
  0.03017276  1.93293006  0.02221051  1.62048843 -0.49221315 -1.94066493
 -2.13264645  0.95012766]"
197,"[-1.4757693  -0.03430243 -1.83513876  0.7619615   1.15124602  1.74455219
  0.02663065  1.93312084  0.02738402  1.62719562 -0.5114915  -1.94610156
 -2.13787352  0.95094667]"
198,"[-1.47103818 -0.0349729  -1.84183758  0.771698    1.14734304  1.73587706
  0.02667565  1.93355913  0.0312646   1.62544126 -0.51818388 -1.94732369
 -2.1435436   0.94818667]"
199,"[-1.46728822 -0.03602089 -1.84972836  0.79353458  1.14058632  1.72528021
  0.0249104   1.92402442  0.02668735  1.63003623 -0.52817625 -1.94507847
 -2.14535632  0.94322637]"
200,"[-1.46924317 -0.03979096 -1.86698159  0.79251771  1.13842905  1.72298079
  0.0240061   1.9237746   0.03225434  1.63167259 -0.53115526 -1.94610496
 -2.14417743  0.93890191]"
201,"[-1.46973123 -0.03367876 -1.87734673  0.81122438  1.14274843  1.70885753
  0.02526889  1.91867534  0.03313804  1.63350639 -0.5352617  -1.93942076
 -2.14918352  0.93603602]"
202,"[-1.46687045 -0.0368765  -1.88896873  0.82898941  1.13837547  1.70143686
  0.02723184  1.91271853  0.03551391  1.64365997 -0.54758962 -1.93738373
 -2.14893657  0.93066734]"
203,"[-1.46817209 -0.0315028  -1.88836141  0.8330155   1.14787629  1.68664051
  0.02822184  1.91019077  0.03674395  1.65220577 -0.56006802 -1.934951
 -2.15472343  0.92693114]"
204,"[-1.47009139 -0.03970833 -1.896884    0.84688625  1.14336984  1.68446427
  0.03071263  1.91060299  0.03264055  1.65352524 -0.55702331 -1.93319286
 -2.1500952   0.94530826]"
205,"[-1.4639268  -0.03899335 -1.90299044  0.85146966  1.13459905  1.69000062
  0.02885457  1.90625572  0.04027495  1.66039953 -0.57892675 -1.92758813
 -2.15027484  0.94351414]"
206,"[-1.46503254 -0.02849928 -1.90673964  0.83795644  1.13657496  1.69890891
  0.03109736  1.90375595  0.04322281  1.66697337 -0.58584846 -1.92852476
 -2.15197487  0.94129617]"
207,"[-1.46310562 -0.02495639 -1.91824184  0.85075512  1.13878987  1.68869859
  0.03267931  1.90417727  0.05449952  1.66392406 -0.59496826 -1.92833106
 -2.15641233  0.94137219]"
208,"[-1.46108211 -0.02585344 -1.92573933  0.85254302  1.13770598  1.68201883
  0.03220264  1.89499944  0.05598255  1.67350217 -0.60279421 -1.92590395
 -2.15952103  0.93963369]"
209,"[-1.45527557 -0.02761781 -1.93465891  0.87330642  1.13276304  1.67738105
  0.0366368   1.89599744  0.054601    1.68258234 -0.61694606 -1.9303096
 -2.15684688  0.93653872]"
210,"[-1.45620954 -0.02867693 -1.93900816  0.88100758  1.13357406  1.68508098
  0.0333463   1.89732772  0.06234568  1.67882049 -0.62161768 -1.93041627
 -2.15779629  0.93685755]"
211,"[-1.45665385 -0.02767687 -1.94226265  0.88268767  1.13663761  1.66490747
  0.03553222  1.89899237  0.06574025  1.68463441 -0.63579171 -1.92888213
 -2.16445325  0.93241466]"
212,"[-1.45494508 -0.0285073  -1.94420804  0.88204418  1.14383258  1.66132581
  0.0346711   1.9012268   0.0713066   1.6916984  -0.64743669 -1.93107827
 -2.1642231   0.92494932]"
213,"[-1.45370929 -0.02989606 -1.94803214  0.88824326  1.14546174  1.65005192
  0.03707635  1.89414442  0.06822662  1.69196839 -0.65118965 -1.93078752
 -2.16367721  0.92409727]"
214,"[-1.4523798  -0.03125635 -1.9610187   0.90588504  1.14209537  1.65510727
  0.03423851  1.8866181   0.0753418   1.69703913 -0.66620459 -1.92777188
 -2.16415588  0.92349832]"
215,"[-1.44839073 -0.02991164 -1.9662974   0.91320922  1.1385542   1.66333746
  0.03527474  1.88964238  0.08022892  1.70264095 -0.67962509 -1.92780922
 -2.16614921  0.92329867]"
216,"[-1.44448103 -0.03142079 -1.9713976   0.92833432  1.13632865  1.66622859
  0.03377774  1.88713455  0.08033578  1.70812924 -0.69234573 -1.92564549
 -2.16342995  0.91418834]"
217,"[-1.44901243 -0.02793689 -1.96809028  0.91918772  1.14190831  1.65969563
  0.03275405  1.89154131  0.08329341  1.71194149 -0.70127552 -1.93232622
 -2.16394205  0.90924302]"
218,"[-1.44758401 -0.03148837 -1.97374719  0.92516203  1.13517989  1.6771972
  0.03082998  1.88802569  0.08495239  1.71389958 -0.71223918 -1.93100745
 -2.17351689  0.90587626]"
219,"[-1.44626206 -0.04032521 -1.9769557   0.93632461  1.13588533  1.66743315
  0.03227335  1.88455984  0.09012096  1.71832394 -0.72029948 -1.92641442
 -2.16724583  0.92339341]"
220,"[-1.44124889 -0.03802461 -1.99110951  0.93552042  1.13010614  1.6764407
  0.02914555  1.88018386  0.09304946  1.72354083 -0.73382579 -1.92624119
 -2.17232361  0.91768841]"
221,"[-1.44622393 -0.03915757 -1.98890281  0.94348324  1.13750099  1.67236157
  0.02768766  1.88198729  0.09298552  1.72752901 -0.73190837 -1.9272785
 -2.17341114  0.91304758]"
222,"[-1.44338364 -0.03532059 -1.99048428  0.9372597   1.13681686  1.66347811
  0.03089164  1.88226199  0.0955349   1.73251074 -0.74500075 -1.92270616
 -2.1716671   0.90423335]"
223,"[-1.44585141 -0.03539675 -1.9959806   0.94190244  1.13525599  1.6564623
  0.03112141  1.8821992   0.09685043  1.7385484  -0.75391759 -1.92292362
 -2.17141097  0.89443886]"
224,"[-1.44212749 -0.03422588 -1.99077591  0.93043973  1.13542743  1.65905257
  0.03112889  1.87429708  0.10291824  1.73447027 -0.75304634 -1.92247938
 -2.17881236  0.88196712]"
225,"[-1.44380248 -0.03612119 -1.99189237  0.9349701   1.14122545  1.66080786
  0.03003987  1.87728846  0.09796407  1.74901884 -0.76689703 -1.92145731
 -2.18146953  0.86736617]"
226,"[-1.446308   -0.03732539 -1.99644636  0.94501796  1.13975856  1.6467585
  0.02846307  1.87250341  0.09915133  1.75648706 -0.77938818 -1.92023943
 -2.18714266  0.84361668]"
227,"[-1.45176365 -0.03637303 -1.99987819  0.95853514  1.14651659  1.64711481
  0.02647364  1.8724736   0.09666968  1.75269928 -0.77913424 -1.92113153
 -2.1780175   0.81966107]"
228,"[-1.4529599  -0.03474758 -2.00075952  0.95653129  1.15061998  1.64270177
  0.02696734  1.87344476  0.10299779  1.75455987 -0.78998404 -1.91763592
 -2.1837412   0.80269585]"
229,"[-1.45885722 -0.03336633 -1.99763207  0.9615007   1.15994037  1.64345802
  0.02626339  1.86886685  0.11029879  1.75878628 -0.80269025 -1.91811551
 -2.1793943   0.76069701]"
230,"[-1.45808317 -0.03240785 -2.00075441  0.95597427  1.16124151  1.64545812
  0.02933973  1.87847765  0.10862513  1.76460596 -0.80176602 -1.92306607
 -2.18055918  0.71038477]"
231,"[-1.45804831 -0.03368294 -1.99980467  0.96411624  1.16756113  1.63561032
  0.02780838  1.87089806  0.11154786  1.77231011 -0.8157598  -1.92224293
 -2.17975547  0.65738953]"
232,"[-1.4610058  -0.03386911 -1.99412133  0.95975584  1.16673958  1.63777789
  0.03031127  1.87499785  0.11438148  1.77415378 -0.82088548 -1.92844918
 -2.17065728  0.57740113]"
233,"[-1.45845009 -0.03658003 -1.99494723  0.96844172  1.16759186  1.63135076
  0.02919233  1.87567492  0.11509211  1.7791364  -0.82971823 -1.92929223
 -2.17468021  0.52942378]"
234,"[-1.46000393 -0.03946218 -1.99760997  0.97004251  1.17303144  1.64108581
  0.02789126  1.87142069  0.11474598  1.7808508  -0.83108774 -1.93017236
 -2.17437052  0.52396616]"
235,"[-1.45522289 -0.03645292 -1.99761879  0.96850245  1.17151544  1.63841223
  0.0271796   1.87263429  0.11768496  1.78228705 -0.837723   -1.92545803
 -2.1798098   0.51338877]"
236,"[-1.45338618 -0.042833   -1.99228628  0.97217391  1.17692477  1.65080175
  0.0262326   1.8700007   0.11731715  1.78653784 -0.83902973 -1.92560282
 -2.17703761  0.44653829]"
237,"[-1.45517941 -0.04365349 -1.98501856  0.96775802  1.18359687  1.6376062
  0.02715812  1.87405368  0.12524889  1.78720907 -0.84259667 -1.92984768
 -2.17688281  0.38902433]"
238,"[-1.45920306 -0.04188621 -1.9882855   0.9626093   1.18832979  1.63419491
  0.03033049  1.87157975  0.12411436  1.78962236 -0.8434365  -1.93241674
 -2.18192971  0.32845483]"
239,"[-1.46080927 -0.05273596 -1.98175802  0.9583123   1.19248951  1.64181323
  0.0392065   1.8659125   0.12462805  1.79107442 -0.83994762 -1.93034992
 -2.18342887  0.25656587]"
240,"[-1.46338817 -0.05841691 -1.97491541  0.95267668  1.19332437  1.63490159
  0.056958    1.86444612  0.12594728  1.79502182 -0.85830965 -1.93536585
 -2.18158365  0.17368609]"
241,"[-1.4637714  -0.05656682 -1.97208907  0.94229227  1.19698678  1.63577631
  0.10241682  1.86416214  0.12791354  1.79998438 -0.85960333 -1.93406592
 -2.17572691  0.14486721]"
242,"[-1.46381181 -0.0589305  -1.97409286  0.94498809  1.20342152  1.6233541
  0.14361451  1.86556108  0.13085276  1.80136227 -0.86098588 -1.93504065
 -2.18453309  0.12681162]"
243,"[-1.45928343 -0.05958226 -1.97828101  0.94972611  1.20492832  1.62757818
  0.29123599  1.86524251  0.13217029  1.80795413 -0.86420044 -1.93290106
 -2.18335365  0.11121951]"
244,"[-1.46177569 -0.06204292 -1.97190884  0.94125162  1.20419388  1.61800593
  0.40936681  1.85940494  0.13727646  1.80898401 -0.86684527 -1.93129702
 -2.18873028  0.07917085]"
245,"[-1.46170587 -0.06765765 -1.97145965  0.94036631  1.206067    1.61415333
  0.50790326  1.86003515  0.13157955  1.81551918 -0.86707207 -1.93247523
 -2.19142024  0.06503803]"
246,"[-1.46057891 -0.05929557 -1.96511303  0.92651485  1.2055305   1.60322911
  0.58053143  1.8627397   0.13764913  1.81650111 -0.86514229 -1.93094202
 -2.19644491  0.05602087]"
247,"[-1.45997849 -0.0579343  -1.9707615   0.91945708  1.21662778  1.62302032
  0.68397315  1.86143364  0.13257116  1.82370791 -0.85471107 -1.93548259
 -2.19483146  0.05133271]"
248,"[-1.46432226 -0.0577712  -1.97175438  0.90818413  1.22172872  1.63077656
  0.77497073  1.86187074  0.13132596  1.82331491 -0.85543593 -1.9390011
 -2.18954756  0.04621516]"
249,"[-1.46794299 -0.0689129  -1.96221471  0.88973689  1.23778102  1.61170202
  0.86614611  1.85108725  0.1294526   1.82518494 -0.84089548 -1.93329195
 -2.18537444  0.03855484]"
250,"[-1.47418099 -0.05769494 -1.95191427  0.87243456  1.25715868  1.58835295
  0.91371588  1.84572969  0.11978008  1.82840733 -0.82915778 -1.92728132
 -2.18142935  0.03276094]"
251,"[-1.48175658 -0.05723738 -1.95364511  0.84421942  1.29079361  1.56640334
  0.92285901  1.83822923  0.11742643  1.83031067 -0.80729127 -1.91785886
 -2.17793452  0.0345757 ]"
252,"[-1.48523696 -0.04950973 -1.94789222  0.81807298  1.30403342  1.55242819
  0.92252016  1.82146114  0.11171948  1.83700792 -0.80993189 -1.90778209
 -2.17370811  0.0320041 ]"
253,"[-1.49272919 -0.03776168 -1.94334985  0.78869464  1.33019092  1.53096718
  0.92025498  1.81383166  0.10734508  1.84434808 -0.80029865 -1.89437109
 -2.17052991  0.02971619]"
254,"[-1.49796857 -0.03748605 -1.93409912  0.75134414  1.35792238  1.50834073
  0.92201819  1.80197503  0.09208502  1.8469328  -0.76042953 -1.87660012
 -2.15708577  0.03134746]"
255,"[-1.50400885 -0.02992447 -1.9215304   0.70896982  1.39204193  1.46946077
  0.92234305  1.78314289  0.07902714  1.85458628 -0.73389995 -1.85685324
 -2.14302541  0.04021609]"
256,"[-1.51607993 -0.02500731 -1.91293144  0.65103857  1.42511867  1.43146771
  0.92989849  1.75816775  0.06330449  1.85687968 -0.69037872 -1.8266335
 -2.12622238  0.03622801]"
257,"[-1.52632451 -0.02671467 -1.89714384  0.60818547  1.45745064  1.4017744
  0.9274909   1.73726437  0.05666522  1.85943671 -0.66213979 -1.81490344
 -2.11656196  0.03543965]"
258,"[-1.54070938 -0.01641862 -1.87750792  0.55188014  1.49017432  1.36446493
  0.92405455  1.71161992  0.0492761   1.86600135 -0.62831366 -1.7906375
 -2.12402903  0.03643787]"
259,"[-1.55717782 -0.0180102  -1.87204103  0.51903398  1.51804513  1.32535008
  0.92083933  1.68452434  0.04660392  1.86891587 -0.60071103 -1.77001451
 -2.11310665  0.03972078]"
260,"[-1.56661736 -0.02434885 -1.86535362  0.49025063  1.53466279  1.2951581
  0.92137278  1.64279491  0.0348083   1.88408043 -0.58367589 -1.74484216
 -2.11199211  0.04704502]"
261,"[-1.57342681 -0.02542076 -1.8506574   0.44793386  1.54952494  1.27093227
  0.91770332  1.61977162  0.03049234  1.88839629 -0.57139546 -1.72925312
 -2.11708868  0.06024677]"
262,"[-1.58527708 -0.01973427 -1.84380879  0.42041599  1.56065585  1.24733912
  0.91322025  1.5925895   0.02723065  1.89237776 -0.56784422 -1.71793171
 -2.123779    0.06697527]"
263,"[-1.59692592 -0.02494441 -1.82053745  0.36446082  1.58601337  1.20483513
  0.90754384  1.55344708  0.01782824  1.90142411 -0.5344158  -1.69283008
 -2.12392205  0.06424296]"
264,"[-1.6085402  -0.03495678 -1.80725837  0.34472997  1.59078823  1.18251269
  0.90647305  1.52391639  0.02533228  1.91772042 -0.54339139 -1.69080477
 -2.12984521  0.06703569]"
265,"[-1.62043808 -0.03323143 -1.80918284  0.32849485  1.5959585   1.17585445
  0.91522798  1.50495263  0.03035937  1.92556292 -0.55236712 -1.68663686
 -2.13935574  0.07080556]"
266,"[-1.62788772 -0.03460017 -1.80351262  0.30247206  1.59754965  1.15559739
  0.9204777   1.48555361  0.02962504  1.9294844  -0.55517816 -1.68155108
 -2.14960563  0.08301762]"
267,"[-1.63520123 -0.04035092 -1.79180665  0.2845286   1.59516746  1.15088337
  0.92123243  1.45844535  0.03639723  1.92870782 -0.55537683 -1.67664287
 -2.16464252  0.08538558]"
268,"[-1.64019954 -0.04806056 -1.78130764  0.2715068   1.60691432  1.13735634
  0.92138984  1.43770384  0.03785453  1.94088441 -0.55894631 -1.66546173
 -2.16691534  0.08483328]"
269,"[-1.64122339 -0.05061201 -1.78392679  0.26649173  1.60496474  1.14756751
  0.91941866  1.41378698  0.0457154   1.93665627 -0.56890198 -1.65760404
 -2.18486989  0.09792792]"
270,"[-1.64119151 -0.04707514 -1.78086801  0.25321026  1.60819879  1.14820544
  0.9216774   1.3886104   0.06282088  1.94190088 -0.57770578 -1.65293464
 -2.21041006  0.1025031 ]"
271,"[-1.63961412 -0.05012689 -1.78158148  0.25547896  1.6110729   1.15455524
  0.9233211   1.3637492   0.06698858  1.94155133 -0.5739443  -1.6497358
 -2.2200711   0.10047965]"
272,"[-1.64795611 -0.06274748 -1.77384384  0.25051434  1.6160436   1.15833042
  0.92055255  1.35029477  0.07673072  1.94297457 -0.58672055 -1.64734862
 -2.23014059  0.09845523]"
273,"[-1.64886977 -0.06282038 -1.76861191  0.2318383   1.61798348  1.1571803
  0.91963569  1.32661528  0.07837092  1.95152846 -0.59140486 -1.64221236
 -2.23896098  0.09794925]"
274,"[-1.6526742  -0.06327911 -1.75888653  0.22239899  1.62630209  1.16970114
  0.92085239  1.31613012  0.08099223  1.9554124  -0.6023961  -1.63313301
 -2.24557985  0.1066515 ]"
275,"[-1.65911078 -0.06780423 -1.75558924  0.22080054  1.62974092  1.16981304
  0.92111579  1.30676948  0.09476907  1.95808676 -0.62163459 -1.63076906
 -2.25794774  0.10409718]"
276,"[-1.65895197 -0.06464314 -1.75123445  0.21873203  1.6345676   1.18127804
  0.9192439   1.29221087  0.09566188  1.96077877 -0.63120423 -1.63152084
 -2.26972957  0.10096231]"
277,"[-1.66327619 -0.06987673 -1.74863671  0.21611494  1.63806615  1.1861497
  0.92072678  1.26814441  0.09581224  1.96079069 -0.62683104 -1.62874076
 -2.28388007  0.09792183]"
278,"[-1.66155833 -0.07041236 -1.7494747   0.21626843  1.63393833  1.1967435
  0.91738143  1.25809714  0.10667533  1.96921936 -0.65119474 -1.62885924
 -2.30033106  0.10891288]"
279,"[-1.66222497 -0.07399324 -1.75741962  0.23254575  1.63597123  1.20715191
  0.9180012   1.25311783  0.10754785  1.97488276 -0.65996516 -1.6293075
 -2.3143687   0.11331205]"
280,"[-1.65938901 -0.07879622 -1.75137858  0.22888922  1.63916877  1.2226697
  0.92162648  1.2488522   0.11355175  1.98158384 -0.66280349 -1.62518765
 -2.32851996  0.13274307]"
281,"[-1.65816313 -0.07741564 -1.74821625  0.22636283  1.63860897  1.2273129
  0.92065724  1.24119154  0.12029174  1.98110648 -0.67241734 -1.62145651
 -2.3408202   0.13670697]"
282,"[-1.66278511 -0.0844789  -1.7506762   0.23034291  1.64137722  1.24356093
  0.92043389  1.23593594  0.12960534  1.98679393 -0.68037442 -1.62138082
 -2.34743717  0.12978653]"
283,"[-1.66479269 -0.07762134 -1.74817082  0.22931321  1.64157136  1.2493586
  0.92095597  1.22560942  0.13729397  1.98603387 -0.68936509 -1.61839556
 -2.3596749   0.15207729]"
284,"[-1.66531747 -0.08090318 -1.75263956  0.23496796  1.64221659  1.25869885
  0.92243957  1.2183843   0.14417979  1.98779117 -0.69581194 -1.6169618
 -2.37307433  0.16189657]"
285,"[-1.66665909 -0.08491723 -1.74819152  0.23479305  1.64492513  1.26039467
  0.92308378  1.20966398  0.14977449  1.98501661 -0.69599101 -1.61680398
 -2.38424787  0.15111801]"
286,"[-1.66592388 -0.08678406 -1.74861128  0.23529736  1.64716502  1.27685167
  0.9207051   1.19696049  0.15334175  1.98562478 -0.69956975 -1.61444183
 -2.39764511  0.16744321]"
287,"[-1.66527003 -0.09227417 -1.74788873  0.23893179  1.64622143  1.28204689
  0.92202073  1.19507327  0.16453042  1.9848029  -0.70501272 -1.6115306
 -2.39953714  0.17551576]"
288,"[-1.66509546 -0.09280203 -1.74948054  0.24158605  1.64822183  1.28910672
  0.92090619  1.19206117  0.17059777  1.98693242 -0.71066184 -1.60931061
 -2.41685156  0.19161956]"
289,"[-1.66469106 -0.0934849  -1.74669098  0.24238155  1.6500634   1.30182717
  0.91913356  1.18573404  0.17582708  1.98707069 -0.71589584 -1.6047806
 -2.42467039  0.21103858]"
290,"[-1.66107056 -0.09908563 -1.74029878  0.24483627  1.64999866  1.31333416
  0.92004889  1.17884715  0.17705489  1.99252056 -0.71783548 -1.60625063
 -2.43134966  0.22683063]"
291,"[-1.65983962 -0.09836886 -1.74150159  0.24672871  1.65328825  1.32813216
  0.91994049  1.17216884  0.18467292  1.9854928  -0.71525321 -1.60609083
 -2.44031016  0.23818086]"
292,"[-1.66021881 -0.09803559 -1.74003128  0.2452546   1.6511419   1.32960629
  0.91764653  1.16624736  0.19148963  1.98513656 -0.71671958 -1.60286663
 -2.44724901  0.2501725 ]"
293,"[-1.659333   -0.0933316  -1.73963837  0.2346644   1.65215579  1.33428321
  0.91964569  1.17386746  0.19739307  1.98477261 -0.72577276 -1.6033583
 -2.44659201  0.25265006]"
294,"[-1.65569786 -0.09480287 -1.73963775  0.24681258  1.65327597  1.34306597
  0.92119223  1.16688498  0.20179901  1.98728138 -0.72975141 -1.60419502
 -2.45134413  0.24748427]"
295,"[-1.65527992 -0.09547202 -1.73797742  0.25154884  1.65419693  1.34536638
  0.92221693  1.17023173  0.20651827  1.99106825 -0.73591639 -1.6029601
 -2.45310619  0.25074525]"
296,"[-1.66049845 -0.09568647 -1.72932905  0.24710091  1.65505668  1.34504736
  0.91965116  1.17179927  0.21001369  1.98861195 -0.74359952 -1.60465694
 -2.44748851  0.2399172 ]"
297,"[-1.66198139 -0.09391455 -1.73053636  0.25381187  1.65514662  1.35246183
  0.92119265  1.17691868  0.2111103   1.99342883 -0.74127893 -1.60038729
 -2.45809944  0.25667158]"
298,"[-1.65937478 -0.09454256 -1.73019764  0.24981755  1.65585126  1.35334029
  0.92363263  1.17559373  0.21705233  1.99622362 -0.74451633 -1.59994019
 -2.45829421  0.2812716 ]"
299,"[-1.66213976 -0.09109661 -1.72082166  0.23789227  1.65818401  1.34939131
  0.92122279  1.1827681   0.22396653  1.99455251 -0.74609695 -1.59808742
 -2.45332791  0.2503364 ]"
300,"[-1.66411448 -0.09640145 -1.71714031  0.24257412  1.6566664   1.34650117
  0.91933614  1.17905601  0.22438385  1.99659324 -0.75805554 -1.59555846
 -2.45220364  0.26190515]"
301,"[-1.65984579 -0.0887436  -1.72323674  0.24465849  1.65677296  1.35716007
  0.91945001  1.18438977  0.22292902  1.99932875 -0.75550993 -1.59517648
 -2.44968434  0.27126262]"
302,"[-1.65967304 -0.08761186 -1.71704394  0.24882472  1.6572071   1.35957108
  0.92082969  1.18699634  0.23313051  1.99916981 -0.76038692 -1.59584305
 -2.44357     0.23765713]"
303,"[-1.66220571 -0.09035804 -1.71776693  0.2446318   1.65891844  1.34563564
  0.91979918  1.18297488  0.23792872  2.00055918 -0.75868726 -1.59625359
 -2.44976636  0.26737432]"
304,"[-1.66469214 -0.09209784 -1.70587805  0.25048199  1.65415884  1.3441539
  0.92242002  1.17336875  0.23014861  2.00226592 -0.7634556  -1.59488231
 -2.45129426  0.31131948]"
305,"[-1.66365446 -0.09223464 -1.71197087  0.24892491  1.66385342  1.35419551
  0.92443924  1.17995527  0.23559884  2.00895262 -0.76228101 -1.59391538
 -2.4394533   0.3353519 ]"
306,"[-1.66371717 -0.0894984  -1.71191953  0.23710066  1.66024745  1.35574375
  0.91844707  1.18582832  0.23700727  2.00933396 -0.76296642 -1.5931472
 -2.44233653  0.37187465]"
307,"[-1.66049665 -0.08776385 -1.71246174  0.23732391  1.66282951  1.3609219
  0.91992786  1.19043748  0.23779805  2.00934523 -0.76749009 -1.59328381
 -2.44190623  0.37368316]"
308,"[-1.66251316 -0.08513527 -1.70855767  0.23378882  1.66203277  1.35745961
  0.92052262  1.19374445  0.24101523  2.01076167 -0.773313   -1.59220524
 -2.44529957  0.3712807 ]"
309,"[-1.66273124 -0.08781014 -1.70622921  0.23285852  1.66504675  1.35466355
  0.92020426  1.19520244  0.2334607   2.01136474 -0.76743314 -1.59671343
 -2.44625914  0.42943729]"
310,"[-1.66071384 -0.0825102  -1.70384395  0.22545996  1.66531239  1.36469335
  0.9235743   1.19228762  0.23338484  2.01578063 -0.7663911  -1.59357791
 -2.43801937  0.49191446]"
311,"[-1.66123501 -0.08991848 -1.70100802  0.22398013  1.66033142  1.36740282
  0.92324043  1.19413436  0.23632422  2.01837661 -0.7724187  -1.59394978
 -2.44526515  0.50061035]"
312,"[-1.65892981 -0.08901466 -1.69727344  0.22292156  1.66087118  1.36678678
  0.92586862  1.19494958  0.23363915  2.02165488 -0.77003228 -1.59238092
 -2.43886408  0.53206869]"
313,"[-1.65832804 -0.08372771 -1.70246317  0.22209958  1.6634625   1.36698441
  0.92480451  1.19480356  0.24283664  2.01488431 -0.77398935 -1.59465685
 -2.43575458  0.54371128]"
314,"[-1.6627901  -0.08492244 -1.69915099  0.21972151  1.66436796  1.36337314
  0.92697617  1.19666924  0.24255026  2.01369954 -0.77981488 -1.5960065
 -2.43819097  0.56016811]"
315,"[-1.66147291 -0.08476835 -1.69881989  0.22237232  1.66033779  1.36721695
  0.92714587  1.20702676  0.2406819   2.0133553  -0.77415445 -1.59511584
 -2.43127998  0.61843132]"
316,"[-1.65741642 -0.07685409 -1.69981875  0.22137924  1.66372312  1.37685082
  0.92736164  1.22322169  0.23219872  2.01932663 -0.78197495 -1.59980371
 -2.4294141   0.66835625]"
317,"[-1.65641173 -0.07568791 -1.69527025  0.21399643  1.66386608  1.37336161
  0.92778371  1.22751607  0.24372288  2.02362682 -0.79116438 -1.59958968
 -2.42895479  0.7022086 ]"
318,"[-1.65701776 -0.07200318 -1.69715675  0.21495258  1.66331682  1.38370953
  0.92476294  1.23166986  0.23724091  2.02365902 -0.79612967 -1.60354576
 -2.44295295  0.72172292]"
319,"[-1.65299534 -0.07259089 -1.69627821  0.21023365  1.66445053  1.38571225
  0.92740984  1.23442721  0.23776671  2.02441083 -0.80331828 -1.59960824
 -2.43375364  0.76017455]"
320,"[-1.65216543 -0.0755083  -1.6919957   0.20962945  1.66607856  1.38160919
  0.9282293   1.24564978  0.2358058   2.02643694 -0.80565876 -1.60137916
 -2.43894406  0.75755142]"
321,"[-1.65348086 -0.07167362 -1.69869942  0.21102193  1.6599779   1.38006444
  0.93069415  1.24659836  0.22768541  2.02930284 -0.80961333 -1.60291916
 -2.44073742  0.76790652]"
322,"[-1.64920651 -0.06468958 -1.69507079  0.21672774  1.66850862  1.35799543
  0.92805084  1.25642686  0.22459399  2.02992552 -0.8083546  -1.60364917
 -2.44050474  0.81442022]"
323,"[-1.64988655 -0.07035352 -1.6944928   0.20748377  1.67217236  1.37134385
  0.93132891  1.25765992  0.21945515  2.03174722 -0.80795188 -1.60293814
 -2.43695589  0.82153803]"
324,"[-1.64982238 -0.0700711  -1.69371779  0.19817784  1.66889899  1.37615068
  0.93365306  1.25061223  0.22334198  2.03003063 -0.81685819 -1.60307226
 -2.43377008  0.83096176]"
325,"[-1.65087236 -0.06513136 -1.69084435  0.20448711  1.66681719  1.37756259
  0.93572897  1.25715862  0.21817826  2.0300324  -0.80562696 -1.60163217
 -2.44261801  0.87198591]"
326,"[-1.65082361 -0.06713837 -1.68925048  0.20725778  1.66837254  1.37195359
  0.93440839  1.26282569  0.21723187  2.02988959 -0.81477146 -1.60429452
 -2.45037214  0.88445818]"
