episode,action 1,action 2,action 3,action 4,action 5,action 6,action 7,action 8,action 9,action 10,action 11,action 12,action 13,action 14
0,"[-1.51848611  0.00249224 -1.58060863  0.02390415  1.56319989  1.61086082
  0.99252423  1.55589511  0.03460737  1.55341611 -0.00206252 -1.57684856
 -1.59199072  0.98831619]"
1,"[-1.50562758 -0.00272288 -1.57899237  0.02489046  1.55385706  1.58412613
  0.99412284  1.54654504  0.04765028  1.53545549 -0.02431741 -1.58364409
 -1.5992456   0.98360273]"
2,"[-1.5175549  -0.00338746 -1.57634001  0.01208232  1.56146543  1.61751604
  0.9896538   1.54977261  0.04817631  1.5363955  -0.00885099 -1.58214594
 -1.6055033   0.98743788]"
3,"[-1.50012459 -0.00456278 -1.58265467  0.02063148  1.55803946  1.63583261
  0.98912937  1.54322057  0.05058971  1.53417909 -0.01996211 -1.58222
 -1.61006496  0.98754214]"
4,"[-1.50962802 -0.00555715 -1.58083632  0.02277533  1.55535463  1.63362794
  0.99162049  1.54033527  0.05250124  1.53249187 -0.01349417 -1.58481877
 -1.61491381  0.98770602]"
5,"[-1.51204386 -0.00551184 -1.5837952   0.02136641  1.55570757  1.62581914
  0.98847106  1.54085377  0.05615974  1.53346061 -0.01213212 -1.58473495
 -1.61824037  0.98432112]"
6,"[-1.5050328  -0.00435541 -1.58924708  0.01797999  1.55715848  1.63675287
  0.98962095  1.53710222  0.05696856  1.52814684 -0.01761297 -1.58457225
 -1.62082931  0.98580347]"
7,"[-1.51059019 -0.00307325 -1.59037005  0.02283117  1.556212    1.63866499
  0.98849869  1.53668465  0.06141589  1.52708712 -0.01362577 -1.58619747
 -1.62349053  0.98589115]"
8,"[-1.50907213 -0.0025732  -1.59025763  0.01950746  1.55471343  1.63156397
  0.98681686  1.53485898  0.06275404  1.52939438 -0.01331757 -1.58706723
 -1.62534638  0.98599387]"
9,"[-1.51256938 -0.00271648 -1.58743998  0.01829961  1.55477847  1.63023663
  0.98476445  1.53405695  0.06409546  1.52584267 -0.01481531 -1.58727028
 -1.62762988  0.98447303]"
10,"[-1.50672428e+00 -1.34734385e-03 -1.58754581e+00  1.91905524e-02
  1.55483149e+00  1.63168188e+00  9.84431074e-01  1.53282978e+00
  6.77308069e-02  1.52515409e+00 -1.74985930e-02 -1.58753877e+00
 -1.62845618e+00  9.85391312e-01]"
11,"[-1.50866741e+00 -1.51602553e-03 -1.58920342e+00  2.08129176e-02
  1.55394586e+00  1.63365944e+00  9.78664355e-01  1.53093059e+00
  6.84585052e-02  1.52443768e+00 -1.41268467e-02 -1.58745252e+00
 -1.63026015e+00  9.84048349e-01]"
12,"[-1.50653109e+00  1.24339021e-04 -1.58811769e+00  2.07300428e-02
  1.55395186e+00  1.63005484e+00  9.82022360e-01  1.52991765e+00
  7.08209307e-02  1.52048405e+00 -1.45617133e-02 -1.58753860e+00
 -1.63188780e+00  9.85068742e-01]"
13,"[-1.50785435e+00  7.31037660e-04 -1.59156777e+00  2.14882044e-02
  1.55460579e+00  1.62687898e+00  9.81709705e-01  1.52994364e+00
  7.00770427e-02  1.52060360e+00 -1.49999999e-02 -1.58761350e+00
 -1.63217916e+00  9.83544725e-01]"
14,"[-1.50697530e+00  5.98941958e-04 -1.59157742e+00  2.52523284e-02
  1.55516482e+00  1.63080831e+00  9.80983718e-01  1.52900454e+00
  7.34332601e-02  1.51632182e+00 -1.31393229e-02 -1.58763081e+00
 -1.63360915e+00  9.82693612e-01]"
15,"[-1.50806251e+00  1.52335323e-03 -1.59294064e+00  2.75884049e-02
  1.55696363e+00  1.62522982e+00  9.79908418e-01  1.52830135e+00
  7.40755000e-02  1.51576716e+00 -1.45421478e-02 -1.58847964e+00
 -1.63452401e+00  9.82541201e-01]"
16,"[-1.50635947e+00  6.53267586e-05 -1.59707617e+00  3.02051170e-02
  1.55650469e+00  1.63074651e+00  9.78790757e-01  1.52747624e+00
  7.46258472e-02  1.51376921e+00 -1.51008507e-02 -1.58838934e+00
 -1.63583392e+00  9.82331940e-01]"
17,"[-1.50737295  0.00185109 -1.59998693  0.0343802   1.55845757  1.62281028
  0.97794127  1.52631477  0.07478304  1.51471581 -0.01576042 -1.58879812
 -1.63640057  0.98188569]"
18,"[-1.50968622  0.00572719 -1.60829456  0.04972602  1.56078214  1.61952187
  0.97715887  1.52615088  0.07555917  1.51320544 -0.01498208 -1.58951313
 -1.6370967   0.98071908]"
19,"[-1.50946247  0.00871495 -1.62105518  0.07421513  1.56433271  1.62070818
  0.97828044  1.52560098  0.07750625  1.51249122 -0.01464066 -1.58995852
 -1.63831037  0.98034685]"
20,"[-1.50785347  0.01127068 -1.63926394  0.10296012  1.56720932  1.61672014
  0.9771035   1.52540002  0.07688146  1.51130119 -0.01430861 -1.58960999
 -1.63938941  0.98071553]"
21,"[-1.50609803  0.01619613 -1.66390801  0.14031775  1.56828358  1.61163964
  0.97560399  1.52503356  0.07754328  1.51103078 -0.01391438 -1.58996887
 -1.63959772  0.98009367]"
22,"[-1.50312955  0.0189948  -1.68681164  0.17648996  1.56954286  1.60463127
  0.97463502  1.52545747  0.07782653  1.51072121 -0.0133837  -1.59049877
 -1.64057506  0.97982868]"
23,"[-1.50042706  0.01946085 -1.70799547  0.20568967  1.57149874  1.60529785
  0.97578914  1.52474736  0.0778692   1.50918378 -0.01517538 -1.59088841
 -1.6415687   0.97866001]"
24,"[-1.49912832  0.01900547 -1.72879292  0.23361389  1.57167664  1.59454919
  0.9737105   1.52452513  0.07890665  1.50900212 -0.01232418 -1.59139741
 -1.64182417  0.97853919]"
25,"[-1.49696197  0.01733486 -1.74598419  0.25614788  1.57186114  1.58354615
  0.97386842  1.5241287   0.07812098  1.50805184 -0.01429595 -1.59137244
 -1.64261903  0.97821519]"
26,"[-1.49643799  0.01373227 -1.76370448  0.28565273  1.57322368  1.58234318
  0.97179451  1.52369252  0.07953268  1.50683504 -0.01447528 -1.59155454
 -1.64377468  0.97651715]"
27,"[-1.49517578  0.00912718 -1.78482943  0.32039391  1.57520102  1.57530426
  0.97272053  1.52334223  0.07865877  1.506695   -0.0126679  -1.59189916
 -1.64399024  0.97847707]"
28,"[-1.493489    0.004822   -1.80515018  0.36317632  1.57718009  1.57516192
  0.96967943  1.52365552  0.07960011  1.50685783 -0.01277908 -1.59233993
 -1.64510946  0.97686154]"
29,"[-1.49080151  0.00207697 -1.83149887  0.40992309  1.57860032  1.56944563
  0.97085901  1.52431101  0.07919392  1.50615153 -0.01125962 -1.5931295
 -1.64586406  0.97676917]"
30,"[-1.48609937 -0.0053787  -1.86001352  0.45941907  1.5805911   1.56858203
  0.97217071  1.52459355  0.07925542  1.5056296  -0.01169185 -1.59370385
 -1.64658002  0.97584128]"
31,"[-1.48004998 -0.01010682 -1.88801239  0.50634216  1.5803257   1.56945846
  0.96993456  1.52571953  0.07874     1.50586765 -0.01071915 -1.59416539
 -1.64713739  0.97399407]"
32,"[-1.47650466 -0.01848533 -1.91537763  0.55063058  1.58054911  1.56621282
  0.96951061  1.52639474  0.07852238  1.50635445 -0.01124112 -1.59401056
 -1.64762182  0.97580834]"
33,"[-1.47067866 -0.02817224 -1.9429011   0.59622778  1.58137847  1.56470456
  0.96977039  1.52756568  0.07890464  1.50721653 -0.01088281 -1.59403977
 -1.64869776  0.97444823]"
34,"[-1.46676282 -0.04047803 -1.96732124  0.63757986  1.58152167  1.56715361
  0.9683855   1.52792908  0.07845473  1.50581752 -0.01035459 -1.59359228
 -1.64981465  0.9756248 ]"
35,"[-1.46178942 -0.05516657 -1.98649199  0.6783075   1.58163718  1.56545681
  0.97004905  1.52852528  0.07873769  1.50622583 -0.0096453  -1.59380446
 -1.65045898  0.97589896]"
36,"[-1.45844452 -0.07253181 -2.00386018  0.71534098  1.58173576  1.56219678
  0.96777497  1.52939788  0.07858911  1.50616057 -0.0101677  -1.5937166
 -1.65134932  0.97515467]"
37,"[-1.45732074 -0.09195894 -2.01616337  0.7489867   1.58319198  1.56540858
  0.96807887  1.53014864  0.07951319  1.50724362 -0.01099867 -1.59398723
 -1.65218588  0.9754061 ]"
38,"[-1.45425162 -0.11398377 -2.026595    0.78485568  1.58280844  1.5669851
  0.9678089   1.53092435  0.07944826  1.50759876 -0.00932917 -1.59351425
 -1.65269933  0.97518496]"
39,"[-1.45190702 -0.13476149 -2.03282076  0.813144    1.58222985  1.56879717
  0.9676779   1.53136415  0.08014923  1.50863308 -0.00882493 -1.59364861
 -1.65367775  0.97477442]"
40,"[-1.44991494 -0.15511007 -2.03935682  0.8404362   1.58235497  1.57244934
  0.9665067   1.53245066  0.07966879  1.50918324 -0.00912859 -1.59315097
 -1.65460391  0.97470585]"
41,"[-1.44895713 -0.17628477 -2.04249509  0.86517657  1.58271117  1.57620448
  0.96716741  1.53360089  0.08021275  1.5095697  -0.00969379 -1.59319534
 -1.65554094  0.97589238]"
42,"[-1.44819631 -0.19426605 -2.04694881  0.88782051  1.58183202  1.57567099
  0.96671366  1.53434624  0.08014112  1.50978524 -0.0109988  -1.59354967
 -1.65607774  0.97567165]"
43,"[-1.44802093 -0.21253903 -2.04846703  0.90662671  1.5818935   1.57783202
  0.9663984   1.5355843   0.08048315  1.51091118 -0.01088428 -1.59349508
 -1.65623328  0.97535904]"
44,"[-1.44601509 -0.22924845 -2.05112617  0.92478783  1.58206632  1.57818148
  0.96717674  1.53637206  0.08007408  1.51120448 -0.01017895 -1.59342343
 -1.65675338  0.97491482]"
45,"[-1.44607803 -0.24464991 -2.05066185  0.9390346   1.58162737  1.58280204
  0.96699752  1.53716799  0.08041335  1.5118549  -0.01024557 -1.59373416
 -1.65729031  0.97530933]"
46,"[-1.44534734 -0.25699922 -2.05238816  0.95377255  1.58152833  1.58362483
  0.96650072  1.53810774  0.08054547  1.51314332 -0.01012906 -1.59379824
 -1.65739853  0.97439249]"
47,"[-1.44469717 -0.26889001 -2.0541475   0.96547442  1.58078371  1.59036237
  0.96589593  1.53904442  0.08083369  1.51245211 -0.01004078 -1.59371577
 -1.65728136  0.97362062]"
48,"[-1.44461762 -0.27842168 -2.05546823  0.97778823  1.58091889  1.58863852
  0.96617665  1.53918605  0.08124132  1.51251184 -0.00880597 -1.5941445
 -1.65893143  0.97456652]"
49,"[-1.44560716 -0.28468579 -2.05880823  0.98714843  1.58139275  1.59093387
  0.96277898  1.53981028  0.08210097  1.51194071 -0.00899691 -1.59420258
 -1.65940716  0.97434901]"
50,"[-1.44570397 -0.29343167 -2.0611896   0.99712848  1.58248603  1.59380014
  0.96180243  1.53993856  0.08302377  1.51048758 -0.00942706 -1.59425024
 -1.66052108  0.97505686]"
51,"[-1.44536642 -0.29730156 -2.06282365  1.00449859  1.58375587  1.59258648
  0.96056268  1.54060165  0.08507758  1.50862841 -0.00809669 -1.59454299
 -1.66109736  0.97402241]"
52,"[-1.44646064 -0.3021971  -2.06540214  1.01273846  1.5849488   1.59360186
  0.9578614   1.54071824  0.0854053   1.50814479 -0.00997691 -1.59434489
 -1.66170756  0.97440524]"
53,"[-1.44378159 -0.30559841 -2.06795664  1.02092196  1.58543541  1.5976375
  0.95476553  1.54051636  0.08579685  1.50728555 -0.01005651 -1.59389629
 -1.66182651  0.97405454]"
54,"[-1.44463407 -0.31168539 -2.06935449  1.02939253  1.58640568  1.59665708
  0.95240467  1.54067864  0.08718721  1.50598778 -0.01021292 -1.59399295
 -1.66235964  0.97398257]"
55,"[-1.44575187 -0.31826573 -2.07140927  1.03546392  1.58721859  1.60118769
  0.94654556  1.54063941  0.08835683  1.50452918 -0.00991348 -1.59387611
 -1.66246639  0.97384321]"
56,"[-1.44481335 -0.32300475 -2.07146857  1.04270179  1.58789635  1.6038446
  0.94061378  1.54085132  0.08828086  1.50474492 -0.00911629 -1.59385177
 -1.6630139   0.97221598]"
57,"[-1.44469269 -0.32943809 -2.07240719  1.05134167  1.58850689  1.60678641
  0.93197157  1.54128014  0.08881897  1.50394235 -0.00858806 -1.59396516
 -1.66261286  0.97320395]"
58,"[-1.44494987 -0.33490082 -2.07361927  1.05889988  1.58895216  1.60514133
  0.9238904   1.54164242  0.08935591  1.50299552 -0.0095338  -1.59388896
 -1.66290104  0.97446906]"
59,"[-1.44314973 -0.33791151 -2.07348497  1.06368622  1.58936994  1.60855414
  0.91478755  1.54173467  0.09034901  1.50335999 -0.00905989 -1.59402657
 -1.66276598  0.97379545]"
60,"[-1.44341119 -0.34409566 -2.07373895  1.06989158  1.59024172  1.60764548
  0.89463727  1.54248005  0.09054839  1.50241027 -0.00850984 -1.5936513
 -1.66342911  0.97380651]"
61,"[-1.44295209 -0.34725352 -2.0753571   1.07605597  1.59024946  1.60750871
  0.87600126  1.54240751  0.09140554  1.50199832 -0.0087554  -1.5936159
 -1.66303135  0.97239252]"
62,"[-1.4414007  -0.35190617 -2.07609804  1.0810717   1.59058838  1.60621633
  0.85737387  1.54308363  0.09067872  1.50144829 -0.00842776 -1.59364536
 -1.66290868  0.97340564]"
63,"[-1.44168479 -0.35473576 -2.0770691   1.08356003  1.59069575  1.60698085
  0.83257     1.54356038  0.09032012  1.50260987 -0.00939251 -1.59405677
 -1.66320503  0.97291104]"
64,"[-1.44099241 -0.35719727 -2.07684642  1.08735805  1.59133559  1.61113802
  0.81220304  1.54370847  0.09120653  1.50169529 -0.00853764 -1.59396532
 -1.66304459  0.97202099]"
65,"[-1.43992876 -0.35925126 -2.07841009  1.09008893  1.59147405  1.61115909
  0.7810147   1.5436211   0.09066215  1.50086644 -0.00800873 -1.59378336
 -1.66281337  0.97199367]"
66,"[-1.44082083 -0.36339808 -2.07675925  1.09239479  1.59160274  1.60750528
  0.74356218  1.54417025  0.09094931  1.50112178 -0.00746436 -1.59384699
 -1.66342364  0.97171346]"
67,"[-1.43891661 -0.36488098 -2.07678305  1.09365199  1.59096795  1.61095814
  0.71283316  1.54419528  0.09032703  1.50030116 -0.00703636 -1.5936974
 -1.66303846  0.97183777]"
68,"[-1.4398459  -0.36842182 -2.07605493  1.09617858  1.59096378  1.61022755
  0.66404129  1.54429132  0.09059891  1.5002201  -0.00615073 -1.59378652
 -1.66292359  0.97132031]"
69,"[-1.43800256 -0.37107002 -2.07548451  1.09665257  1.59049786  1.60958862
  0.60814179  1.54476344  0.08984531  1.50078983 -0.00727723 -1.59354217
 -1.66326913  0.97149195]"
70,"[-1.43736785 -0.37370468 -2.07519706  1.09776736  1.58979294  1.61325604
  0.54685305  1.54446493  0.09000024  1.49915775 -0.00744519 -1.59371906
 -1.66302069  0.97118862]"
71,"[-1.43941712 -0.37599136 -2.07587404  1.10076635  1.58925497  1.61314515
  0.47544151  1.54489695  0.09059811  1.49919044 -0.00501419 -1.59399683
 -1.66294116  0.97134314]"
72,"[-1.43907527 -0.37711378 -2.07482027  1.10255127  1.58941489  1.61125363
  0.4026865   1.54482223  0.08992589  1.49841743 -0.00889583 -1.59385117
 -1.663485    0.97070884]"
73,"[-1.43701297 -0.38047492 -2.07472546  1.10203246  1.58906601  1.61556441
  0.31712155  1.54485189  0.08988454  1.49890398 -0.00780489 -1.59414029
 -1.66331138  0.97143742]"
74,"[-1.4370703  -0.38169028 -2.07371663  1.10435697  1.58863793  1.61590354
  0.2347916   1.54498243  0.08950205  1.49875471 -0.00674367 -1.59403206
 -1.66356475  0.97054362]"
75,"[-1.43756329 -0.38285454 -2.07286972  1.10468432  1.58827171  1.61585368
  0.16653284  1.54525171  0.08944202  1.49958997 -0.00691363 -1.59464555
 -1.66333429  0.96870366]"
76,"[-1.43712905 -0.38375402 -2.07358453  1.1062885   1.58889327  1.61642498
  0.10591241  1.54466903  0.0895172   1.49825965 -0.00695365 -1.59481825
 -1.66384833  0.96973613]"
77,"[-1.43780429 -0.3842971  -2.07306463  1.10646619  1.58896624  1.615917
  0.06326998  1.54499338  0.08979553  1.49895271 -0.0058229  -1.59475243
 -1.66377631  0.97028209]"
78,"[-1.43750051 -0.38412185 -2.07166786  1.10815411  1.58909903  1.61839291
  0.03580305  1.54469114  0.08968601  1.49847831 -0.00707122 -1.5950916
 -1.66390193  0.9704327 ]"
79,"[-1.4390878  -0.38466329 -2.07235725  1.10919189  1.58913923  1.61688578
  0.01850271  1.54495754  0.09026332  1.49864729 -0.00627169 -1.59506159
 -1.66368413  0.97012853]"
80,"[-1.43914934 -0.3850518  -2.07254885  1.11039324  1.58939948  1.62193132
  0.00957041  1.54474546  0.09048975  1.49834294 -0.00617432 -1.59508568
 -1.66370435  0.97013299]"
81,"[-1.43994349 -0.38335865 -2.07216032  1.1097167   1.59038932  1.62262947
  0.00538086  1.54460519  0.09031648  1.49842565 -0.0051213  -1.5955021
 -1.66378032  0.97080207]"
82,"[-1.44012262 -0.38444373 -2.07272981  1.1108691   1.5906819   1.62278507
  0.00657376  1.54521625  0.09086322  1.49761067 -0.00531004 -1.59550509
 -1.66384883  0.97045842]"
83,"[-1.44038587 -0.38299362 -2.0721734   1.11108816  1.59070843  1.62425958
  0.00728649  1.5456661   0.09052852  1.4976782  -0.00344135 -1.59570659
 -1.66390379  0.97123011]"
84,"[-1.44065579 -0.3815709  -2.07138734  1.10864753  1.59076337  1.62380853
  0.00769429  1.54549962  0.09051495  1.49711923 -0.00567903 -1.59555637
 -1.66381524  0.97035649]"
85,"[-1.44151322 -0.37960188 -2.07195912  1.10961974  1.59106657  1.62339576
  0.00707411  1.54572109  0.09054072  1.4970694  -0.00574603 -1.5960321
 -1.6635891   0.97052573]"
86,"[-1.44193527 -0.37686848 -2.07243968  1.1094318   1.59135254  1.62361155
  0.00744517  1.54626     0.09095602  1.49773305 -0.00634808 -1.59578614
 -1.66388021  0.97018362]"
87,"[-1.44185127 -0.3742179  -2.0722126   1.10775784  1.59134966  1.62446047
  0.00771426  1.54670624  0.09034592  1.49799579 -0.00616592 -1.5959476
 -1.66369091  0.97010553]"
88,"[-1.44336199 -0.36877888 -2.07167996  1.10555355  1.59125398  1.62282343
  0.00680792  1.54708753  0.09099098  1.49760276 -0.00790011 -1.59655238
 -1.66350616  0.97095183]"
89,"[-1.44627227 -0.36281137 -2.06925957  1.10088063  1.59128926  1.62109128
  0.00720753  1.54729825  0.09062306  1.49767888 -0.00845809 -1.59630321
 -1.66283864  0.97016415]"
90,"[-1.44813517 -0.35610126 -2.06751009  1.09653067  1.59086352  1.62048499
  0.00692769  1.54785187  0.09178932  1.4968542  -0.00839157 -1.59650046
 -1.66260036  0.97000381]"
91,"[-1.45124579 -0.34670768 -2.06406105  1.08916489  1.5901592   1.61817738
  0.00738522  1.54815207  0.09151105  1.49761719 -0.00798283 -1.59704702
 -1.6616644   0.96955507]"
92,"[-1.45341078 -0.33326556 -2.05977297  1.0828105   1.58961463  1.61732912
  0.00771649  1.54866657  0.09150758  1.49759611 -0.00939668 -1.59703359
 -1.66041664  0.9696746 ]"
93,"[-1.45699697 -0.31758764 -2.05605992  1.07446018  1.58850612  1.6181848
  0.00637968  1.54958436  0.09125608  1.49819657 -0.01189926 -1.5969753
 -1.6589536   0.96887254]"
94,"[-1.46299567 -0.29731794 -2.05117525  1.06140916  1.58886282  1.61943816
  0.00674257  1.5504708   0.09148164  1.49981259 -0.01480557 -1.59755158
 -1.65745168  0.97007301]"
95,"[-1.46757824 -0.27319121 -2.04684258  1.04846862  1.58861037  1.61980691
  0.00794886  1.55200194  0.09018235  1.50117009 -0.01826017 -1.59804828
 -1.65657419  0.97052956]"
96,"[-1.47272972 -0.2455056  -2.04148198  1.02727192  1.58866852  1.61893763
  0.00890817  1.55307189  0.09009778  1.50179555 -0.02349792 -1.59886492
 -1.65582111  0.97010734]"
97,"[-1.47763553 -0.21760642 -2.03362839  1.00445599  1.58813673  1.61869712
  0.00800265  1.55432592  0.08873605  1.50229032 -0.02698613 -1.59917751
 -1.65522747  0.97052362]"
98,"[-1.48283658 -0.18827426 -2.02160971  0.97550275  1.58795533  1.61685213
  0.00710788  1.55520618  0.08711063  1.50319284 -0.02980901 -1.59979137
 -1.65399174  0.97045467]"
99,"[-1.48809362 -0.16449044 -2.00813254  0.94969548  1.58822246  1.61502369
  0.00858964  1.55652873  0.08544717  1.50585464 -0.03553652 -1.60039614
 -1.65279427  0.97105035]"
100,"[-1.49414468 -0.14198087 -1.99533103  0.92241572  1.58898261  1.61089401
  0.00837328  1.55755506  0.08389135  1.50653943 -0.04293565 -1.60121391
 -1.65194291  0.97091212]"
101,"[-1.49939694 -0.11682759 -1.98093157  0.89523355  1.58972239  1.60904524
  0.00812792  1.55827502  0.08286255  1.5093759  -0.04864062 -1.60202747
 -1.6510103   0.97141427]"
102,"[-1.50437129 -0.09534934 -1.96679644  0.86757646  1.59177257  1.6085841
  0.00827124  1.55937343  0.08137167  1.51042618 -0.05580597 -1.60222781
 -1.65007936  0.97054807]"
103,"[-1.51012762 -0.07490476 -1.95444628  0.8449422   1.59377348  1.60555114
  0.00863566  1.56069275  0.07992395  1.51305839 -0.06474401 -1.60239629
 -1.64881594  0.97050935]"
104,"[-1.51426222 -0.05886741 -1.94431416  0.82880502  1.59535371  1.60180049
  0.00802913  1.56144499  0.07789687  1.51637375 -0.07701307 -1.6032522
 -1.6483595   0.96999167]"
105,"[-1.51642237 -0.04598976 -1.93429298  0.81205737  1.59649176  1.6029037
  0.00740671  1.56241168  0.07688987  1.51965474 -0.08897837 -1.60329043
 -1.64758216  0.9698859 ]"
106,"[-1.51937824 -0.03486751 -1.92656704  0.79751882  1.5976038   1.60158167
  0.00772823  1.56268485  0.07501869  1.52312457 -0.09758194 -1.60395457
 -1.64671704  0.96901766]"
107,"[-1.52330733 -0.02714356 -1.91943016  0.78655517  1.59942839  1.597586
  0.00717479  1.5633504   0.07373986  1.52648403 -0.11190203 -1.60475619
 -1.64640977  0.9687016 ]"
108,"[-1.52714421 -0.0189219  -1.91208529  0.77354507  1.6009078   1.59340695
  0.00667499  1.5633553   0.07251097  1.52842673 -0.12374052 -1.60581065
 -1.64586552  0.96767618]"
109,"[-1.52867145 -0.01278081 -1.90639065  0.76699448  1.60274161  1.59401836
  0.00607983  1.56316966  0.07248955  1.53062195 -0.13908653 -1.60716723
 -1.6454631   0.96815822]"
110,"[-1.53137544 -0.00783617 -1.90118494  0.76023515  1.60418673  1.59104583
  0.00573096  1.56302251  0.07270628  1.53348049 -0.15891785 -1.60845678
 -1.64589489  0.9657944 ]"
111,"[-1.53466218 -0.0030427  -1.89685877  0.75398234  1.60640928  1.58782973
  0.00609654  1.56274051  0.07331492  1.53486066 -0.17755199 -1.61016342
 -1.64624412  0.96519126]"
112,"[-1.53733520e+00  2.97007674e-04 -1.89396622e+00  7.51908946e-01
  1.60904007e+00  1.58737321e+00  5.23521755e-03  1.56224166e+00
  7.42885156e-02  1.53683447e+00 -2.00447325e-01 -1.61179877e+00
 -1.64673983e+00  9.63538363e-01]"
113,"[-1.53800431e+00  1.74198765e-03 -1.89110106e+00  7.45922391e-01
  1.61154459e+00  1.58345417e+00  5.34651131e-03  1.56192128e+00
  7.61269822e-02  1.53864218e+00 -2.22633825e-01 -1.61423989e+00
 -1.64742047e+00  9.61888253e-01]"
114,"[-1.54045654  0.0022365  -1.89087463  0.74686683  1.61371962  1.58131305
  0.00574928  1.5604602   0.07870093  1.53917437 -0.2467043  -1.61535669
 -1.64843747  0.95897221]"
115,"[-1.54219606  0.00195123 -1.88976495  0.74598032  1.61581084  1.58145767
  0.0049128   1.55870094  0.08143796  1.53959083 -0.26759583 -1.61667836
 -1.65008137  0.95602976]"
116,"[-1.54371375e+00  1.80839040e-03 -1.88810400e+00  7.47074602e-01
  1.61834668e+00  1.58202646e+00  3.82368132e-03  1.55716646e+00
  8.43708447e-02  1.54005844e+00 -2.91746901e-01 -1.61803683e+00
 -1.65181357e+00  9.51594672e-01]"
117,"[-1.54541418  0.00282175 -1.88694304  0.7487899   1.62073343  1.58135498
  0.00364569  1.55522174  0.088646    1.54094032 -0.3174772  -1.61958308
 -1.65315456  0.94779745]"
118,"[-1.54589057e+00  1.37335632e-03 -1.88902120e+00  7.51114052e-01
  1.62298461e+00  1.57848742e+00  4.29854175e-03  1.55325753e+00
  9.28008750e-02  1.54086705e+00 -3.43881286e-01 -1.62031618e+00
 -1.65504729e+00  9.40790032e-01]"
119,"[-1.54465622e+00 -9.58637543e-04 -1.88798173e+00  7.51100258e-01
  1.62440292e+00  1.57690951e+00  3.38861776e-03  1.55053721e+00
  9.89131121e-02  1.54097132e+00 -3.67353926e-01 -1.62067251e+00
 -1.65702344e+00  9.37989693e-01]"
120,"[-1.54728276e+00 -1.72756143e-03 -1.88732313e+00  7.52273630e-01
  1.62617333e+00  1.57500517e+00  3.91656639e-03  1.54871783e+00
  1.05230733e-01  1.54077098e+00 -3.90324338e-01 -1.62100632e+00
 -1.65828829e+00  9.33348772e-01]"
121,"[-1.54707036 -0.00311286 -1.88478967  0.75093282  1.62763363  1.57597763
  0.00396774  1.54740631  0.11145056  1.53738793 -0.41000461 -1.62086924
 -1.6598843   0.93108107]"
122,"[-1.54842518 -0.00524663 -1.88379304  0.75314992  1.62997058  1.57338076
  0.0035785   1.54560169  0.11959228  1.53363241 -0.42723733 -1.62125292
 -1.66140738  0.92838082]"
123,"[-1.54789907 -0.00711134 -1.88231431  0.7519883   1.63105247  1.57474173
  0.00350373  1.54421832  0.12803698  1.52931032 -0.44329431 -1.62234427
 -1.66258438  0.92914234]"
124,"[-1.54766469 -0.0087939  -1.88102287  0.75474316  1.63196512  1.57085039
  0.00325816  1.54256202  0.13719216  1.52455232 -0.4595268  -1.62355792
 -1.66416755  0.92727422]"
125,"[-1.54888603 -0.00960598 -1.87893911  0.75492715  1.63327193  1.57162032
  0.00369032  1.54064564  0.14556348  1.52065305 -0.47304637 -1.62444932
 -1.66521284  0.92379865]"
126,"[-1.54915872 -0.01121136 -1.87888626  0.75676521  1.63469166  1.56977375
  0.00404244  1.53894586  0.1560374   1.51701534 -0.48714506 -1.62632525
 -1.66768299  0.91708419]"
127,"[-1.55066921 -0.01168303 -1.87923721  0.75880005  1.6370898   1.56932787
  0.0039515   1.53672714  0.1662636   1.51562681 -0.50168383 -1.62791524
 -1.67034672  0.90373705]"
128,"[-1.55125587 -0.01206665 -1.87799151  0.75840462  1.63854307  1.56646417
  0.0037208   1.53473182  0.17496672  1.51464608 -0.51619897 -1.62917386
 -1.67292041  0.8870491 ]"
129,"[-1.55122049 -0.01345657 -1.87824255  0.76072911  1.64049965  1.56871552
  0.00409792  1.53212126  0.18441439  1.51525926 -0.53103006 -1.63079163
 -1.67558722  0.86584803]"
130,"[-1.55155211 -0.01346098 -1.87902158  0.76301894  1.64133848  1.57064789
  0.00399798  1.53050605  0.19275811  1.51476011 -0.54160434 -1.632018
 -1.67760742  0.84289578]"
131,"[-1.55128302 -0.01478267 -1.87958854  0.76151809  1.64267672  1.56864744
  0.0040202   1.52863352  0.1991108   1.51375827 -0.55041549 -1.63291757
 -1.67945219  0.81438378]"
132,"[-1.55254705 -0.01370446 -1.88078813  0.76297984  1.64434446  1.56609644
  0.00495418  1.52713523  0.20682129  1.51351144 -0.56067046 -1.63305995
 -1.68070386  0.78742061]"
133,"[-1.55370796 -0.01379683 -1.87856948  0.76316044  1.64588875  1.56865986
  0.0051187   1.52566773  0.21265533  1.51354995 -0.56585195 -1.63287756
 -1.6823641   0.75958589]"
134,"[-1.55364647 -0.01488674 -1.87834611  0.76299521  1.64653587  1.56873262
  0.00454023  1.524969    0.21753166  1.51342113 -0.5706351  -1.63230347
 -1.68380358  0.73207376]"
135,"[-1.55467115 -0.0145996  -1.87823759  0.76439211  1.64767163  1.56629692
  0.00567764  1.52399707  0.22327243  1.5121953  -0.57475158 -1.63130195
 -1.68490459  0.70398913]"
136,"[-1.55594345 -0.01474922 -1.8781859   0.76266417  1.64833178  1.56890886
  0.00529561  1.52366851  0.22765124  1.51156625 -0.57603745 -1.63036711
 -1.68598322  0.68482899]"
137,"[-1.55395563 -0.01397344 -1.87795535  0.7635844   1.64849295  1.56817462
  0.00579582  1.52318662  0.23178808  1.51225035 -0.58058199 -1.62985608
 -1.68639674  0.66383179]"
138,"[-1.55529192 -0.01414461 -1.877872    0.76441593  1.64855955  1.56601436
  0.0065157   1.52281305  0.23517472  1.51152713 -0.58603415 -1.62905488
 -1.68864516  0.64884573]"
139,"[-1.55540098 -0.01341169 -1.87815034  0.76378135  1.64975016  1.56502313
  0.00657517  1.52306182  0.23942168  1.51165725 -0.58950374 -1.62877385
 -1.69060813  0.64029882]"
140,"[-1.55655397 -0.01361438 -1.87785377  0.76426726  1.65039596  1.56266351
  0.00651948  1.52325406  0.24456371  1.51327102 -0.59518548 -1.62802984
 -1.6924828   0.62486169]"
141,"[-1.55617809 -0.01420753 -1.87764442  0.76575834  1.64994511  1.56187502
  0.00648     1.52330701  0.2494426   1.51261704 -0.59999008 -1.62750221
 -1.6944719   0.61536604]"
142,"[-1.55666919 -0.01336131 -1.87863894  0.76806423  1.64999607  1.56024057
  0.00683736  1.52316939  0.25208828  1.51319688 -0.60206315 -1.62689429
 -1.69664974  0.60575113]"
143,"[-1.55712839 -0.01413719 -1.87891637  0.77232446  1.64982839  1.55853163
  0.00625459  1.52292667  0.25580632  1.5136205  -0.60489942 -1.62654323
 -1.69833543  0.59510192]"
144,"[-1.55567484 -0.01378503 -1.87964977  0.77182397  1.64978937  1.5548533
  0.00544209  1.52224252  0.25792496  1.51428697 -0.60739684 -1.62519776
 -1.69900448  0.58399373]"
145,"[-1.55561514 -0.01385988 -1.87939378  0.77210406  1.64956028  1.55297703
  0.00721054  1.52211024  0.26101366  1.51456648 -0.60890238 -1.62409396
 -1.69994212  0.56704289]"
146,"[-1.55451317 -0.01304605 -1.88091971  0.77385779  1.64910315  1.55199128
  0.00620684  1.52224295  0.26414693  1.5131927  -0.60794085 -1.62269762
 -1.70099083  0.54787771]"
147,"[-1.55293549 -0.01282037 -1.88087815  0.77348391  1.64868357  1.55069651
  0.00618057  1.52169188  0.26641623  1.51269077 -0.60832591 -1.62059582
 -1.70170644  0.52282885]"
148,"[-1.55249232 -0.01223775 -1.88113731  0.77220899  1.6485168   1.55050629
  0.00604888  1.52158217  0.26893941  1.51164895 -0.60605033 -1.61975645
 -1.70160879  0.48731898]"
149,"[-1.55339584 -0.01118361 -1.88084707  0.77320698  1.64847005  1.54897059
  0.00692303  1.52179282  0.27035943  1.51075055 -0.60605467 -1.61902555
 -1.70231148  0.44506962]"
150,"[-1.55208537 -0.01128669 -1.88235481  0.77230595  1.64796807  1.54837373
  0.00624939  1.52151899  0.27193505  1.51148948 -0.60782508 -1.61902178
 -1.70285633  0.39556602]"
151,"[-1.55153161 -0.01136394 -1.88293559  0.77282851  1.64780803  1.54661971
  0.00672501  1.5217447   0.27116853  1.51367804 -0.60835384 -1.61850683
 -1.70363426  0.31822406]"
152,"[-1.54983057 -0.01137986 -1.88281082  0.77314398  1.64765084  1.54634428
  0.00716426  1.52165602  0.27107571  1.51623519 -0.61077049 -1.61884721
 -1.70423074  0.22750191]"
153,"[-1.54992789 -0.00987488 -1.8838174   0.77251449  1.64732433  1.54326968
  0.00712923  1.52207326  0.27029546  1.51579028 -0.6097021  -1.61862629
 -1.70523123  0.1208257 ]"
154,"[-1.54961831 -0.00955288 -1.88382592  0.77182446  1.64714054  1.53994009
  0.00721569  1.52261183  0.26994251  1.51466452 -0.60910714 -1.61888806
 -1.70775328  0.04778871]"
155,"[-1.54861478 -0.00761801 -1.88401323  0.77392381  1.64748118  1.54040204
  0.00880785  1.5234705   0.26974187  1.5129358  -0.60613012 -1.6182703
 -1.71047801  0.01443818]"
156,"[-1.54948013 -0.00794133 -1.88495172  0.77364844  1.64719926  1.54150089
  0.00692801  1.5244089   0.2699086   1.51301607 -0.60789378 -1.6181404
 -1.7134454   0.0041183 ]"
157,"[-1.54762887 -0.00695027 -1.88582549  0.77199261  1.64702999  1.53790711
  0.00808992  1.52499655  0.26874441  1.5130605  -0.60912018 -1.61755568
 -1.71648182  0.00491807]"
158,"[-1.54893105 -0.00661734 -1.88572232  0.77317419  1.64637681  1.53345767
  0.00807219  1.52486489  0.26907401  1.51262049 -0.60893526 -1.61726956
 -1.71803097  0.00723388]"
159,"[-1.54797664 -0.00650425 -1.8866813   0.77258499  1.64595005  1.53450715
  0.00799951  1.52476495  0.26787299  1.51611048 -0.61295186 -1.61755539
 -1.71967491  0.00859933]"
160,"[-1.54711016 -0.0067334  -1.8865703   0.77521417  1.64566558  1.53027846
  0.00764743  1.5250623   0.26848219  1.51631065 -0.61337862 -1.61815357
 -1.71983791  0.00803304]"
161,"[-1.54817685 -0.00593188 -1.88627297  0.77530798  1.64562812  1.53004794
  0.00841049  1.52543436  0.2691154   1.51645312 -0.61395507 -1.61788689
 -1.71916583  0.00790323]"
162,"[-1.54665541 -0.00539501 -1.88622076  0.77703127  1.64592175  1.52770201
  0.00763673  1.52572051  0.26853217  1.51612584 -0.61504438 -1.61820915
 -1.71856331  0.00847904]"
163,"[-1.54713352 -0.00469473 -1.88662392  0.77501736  1.64575022  1.526474
  0.0076959   1.52618493  0.26830277  1.51609143 -0.6155809  -1.61865458
 -1.71826826  0.00786428]"
164,"[-1.54594579 -0.00507693 -1.88583871  0.77706281  1.64571712  1.52784623
  0.00836606  1.52706308  0.26914932  1.51516537 -0.61441973 -1.61883257
 -1.7178098   0.00833836]"
165,"[-1.54756472 -0.00593734 -1.88595205  0.77780357  1.64598592  1.52313868
  0.0081089   1.52723431  0.2675535   1.51506126 -0.61519156 -1.6196767
 -1.71736182  0.00649598]"
166,"[-1.54627105 -0.00557298 -1.88647944  0.77980585  1.64578093  1.52547947
  0.00778317  1.52734491  0.26742249  1.51440144 -0.6135493  -1.62019811
 -1.71761627  0.00813086]"
167,"[-1.54719604 -0.00558952 -1.88696884  0.78063423  1.64566111  1.52526609
  0.00831957  1.5275478   0.26776109  1.51334088 -0.61464177 -1.62066215
 -1.71780514  0.01019351]"
168,"[-1.54632406 -0.0063878  -1.88766849  0.78212729  1.64597988  1.52424083
  0.00854216  1.52776517  0.26804259  1.51314745 -0.61419253 -1.62137518
 -1.71816503  0.01135377]"
169,"[-1.54620785 -0.00568044 -1.8886154   0.78372555  1.64622171  1.52141652
  0.00835301  1.52800777  0.26789224  1.51355708 -0.61277248 -1.62193289
 -1.71791969  0.01305368]"
170,"[-1.54601799 -0.00570838 -1.88855641  0.78508738  1.64711796  1.51632607
  0.00814087  1.52812717  0.26632563  1.51227284 -0.61154518 -1.62300969
 -1.7176553   0.0181531 ]"
171,"[-1.54636782 -0.00609721 -1.89027318  0.78820433  1.64747478  1.50857162
  0.00809113  1.52865795  0.2655582   1.50977307 -0.60991638 -1.62375706
 -1.71755784  0.02000785]"
172,"[-1.54767703 -0.00660597 -1.8904808   0.7898238   1.64800608  1.50948039
  0.0082858   1.53010364  0.26320298  1.50964572 -0.60837465 -1.62489724
 -1.71787395  0.02688515]"
173,"[-1.54572634 -0.00593838 -1.89169363  0.78936137  1.6480209   1.50349803
  0.00761406  1.53111758  0.25974587  1.50949349 -0.60328782 -1.62605963
 -1.71771868  0.04533828]"
174,"[-1.54481563 -0.00543032 -1.89210649  0.78994715  1.64796991  1.49691197
  0.00652243  1.53229143  0.25515862  1.50887943 -0.60129571 -1.62702416
 -1.71714321  0.05890934]"
175,"[-1.54444183 -0.00519697 -1.89344913  0.78957325  1.64711472  1.49215784
  0.00682092  1.53382468  0.24987048  1.50886092 -0.59620203 -1.62916569
 -1.71772518  0.0942295 ]"
176,"[-1.54370526 -0.00497242 -1.89486481  0.78957851  1.6466202   1.48793316
  0.00711092  1.53552957  0.2443062   1.50861953 -0.58970528 -1.63085335
 -1.71807505  0.15645264]"
177,"[-1.54360321 -0.00467078 -1.89585477  0.7902623   1.64632016  1.47884796
  0.00779371  1.53701718  0.23787458  1.5083369  -0.58453805 -1.63209719
 -1.71829243  0.20001124]"
178,"[-1.54106475 -0.00453106 -1.89705952  0.79162494  1.6462699   1.4775754
  0.00625806  1.53917272  0.23182573  1.5067984  -0.57797665 -1.63364798
 -1.71850699  0.24548507]"
179,"[-1.54141174 -0.00371173 -1.89727102  0.79521414  1.6467665   1.47284415
  0.00628088  1.54188272  0.22604036  1.50795282 -0.57196887 -1.634294
 -1.71861544  0.27044819]"
180,"[-1.54233609 -0.00382547 -1.89866362  0.79517353  1.64718902  1.46516646
  0.00720706  1.54441731  0.22038438  1.50687634 -0.56806268 -1.63544468
 -1.71787235  0.29568155]"
181,"[-1.54123294 -0.0026435  -1.90019222  0.7961917   1.64728532  1.45237917
  0.00743412  1.54781156  0.21590387  1.50640946 -0.56282518 -1.63786478
 -1.71676545  0.31714047]"
182,"[-1.54195725 -0.00198581 -1.90322083  0.79911713  1.64798909  1.43878658
  0.00808851  1.55048178  0.21353977  1.50669207 -0.55931299 -1.64084051
 -1.71598351  0.340104  ]"
183,"[-1.54286121e+00 -3.73821004e-04 -1.90489379e+00  8.02508099e-01
  1.64875551e+00  1.42743099e+00  7.91165768e-03  1.55337338e+00
  2.11113936e-01  1.50723531e+00 -5.57214618e-01 -1.64334302e+00
 -1.71526014e+00  3.53150134e-01]"
184,"[-1.54243475e+00  3.22558996e-04 -1.91009767e+00  8.07736803e-01
  1.64875627e+00  1.41618129e+00  8.03145050e-03  1.55545929e+00
  2.09171839e-01  1.50852948e+00 -5.56246367e-01 -1.64594863e+00
 -1.71471019e+00  3.66640787e-01]"
185,"[-1.54222278  0.00298779 -1.91169847  0.81096061  1.64816374  1.40599336
  0.00812994  1.55717144  0.20883824  1.50924122 -0.55594865 -1.64797711
 -1.71443133  0.37731161]"
186,"[-1.54394928  0.00424561 -1.91483642  0.81481167  1.64766893  1.40000143
  0.00815598  1.55817305  0.21013833  1.51080201 -0.55685023 -1.64928943
 -1.71325597  0.39031979]"
187,"[-1.54498922  0.00371295 -1.91739173  0.81934419  1.64734291  1.39553761
  0.00785349  1.55773821  0.21095107  1.51131119 -0.55763614 -1.64925145
 -1.71265706  0.40189894]"
188,"[-1.54335711  0.0036932  -1.91830982  0.82318113  1.64640417  1.39146111
  0.00652135  1.55815025  0.21271208  1.51315975 -0.55793371 -1.64947217
 -1.71158043  0.4085254 ]"
189,"[-1.54295571  0.00421062 -1.91849236  0.82454715  1.64589492  1.39247586
  0.00692228  1.55734361  0.21509308  1.51416946 -0.55915819 -1.64974717
 -1.71064471  0.41515743]"
190,"[-1.54411448  0.00425967 -1.91850583  0.82580978  1.64562997  1.38892284
  0.00659438  1.55630563  0.21876037  1.51475045 -0.56082508 -1.6490904
 -1.71054185  0.41860076]"
191,"[-1.5423548   0.00452778 -1.91951124  0.82699395  1.6447524   1.38969416
  0.00692936  1.55561819  0.2227484   1.51485743 -0.56272293 -1.64930187
 -1.70996291  0.41908558]"
192,"[-1.54166001  0.00444525 -1.92119698  0.83046858  1.64449354  1.38399876
  0.00771241  1.55510969  0.2253499   1.51592199 -0.56631986 -1.64912172
 -1.70930066  0.41203599]"
193,"[-1.54200516  0.00452823 -1.92093112  0.83097016  1.64460441  1.383975
  0.00813582  1.55430295  0.22947133  1.51627465 -0.56897318 -1.64878211
 -1.70931155  0.40381922]"
194,"[-1.54276346  0.00468617 -1.92130603  0.83138507  1.64434597  1.38035925
  0.00877438  1.55390939  0.23262508  1.51643579 -0.57026476 -1.64848554
 -1.70918199  0.38991963]"
195,"[-1.5421491   0.00511435 -1.92246571  0.83318028  1.64444253  1.3775492
  0.00869023  1.55372082  0.23574201  1.51760074 -0.57222947 -1.64825341
 -1.70908597  0.37781051]"
196,"[-1.54112907  0.00660653 -1.92319506  0.83289419  1.6443765   1.37731492
  0.00720882  1.55366337  0.23842497  1.51705711 -0.57473046 -1.64804945
 -1.70934012  0.34806598]"
197,"[-1.54182426  0.00649465 -1.92360018  0.83364329  1.64396972  1.37419139
  0.00793812  1.55358493  0.24014522  1.51681054 -0.57381405 -1.64790353
 -1.70882065  0.32045153]"
198,"[-1.5420249   0.00729998 -1.92419645  0.83497245  1.64347145  1.37089001
  0.00789723  1.5538487   0.2418353   1.51553718 -0.57554441 -1.64780861
 -1.70838431  0.29393679]"
199,"[-1.53985238  0.00655486 -1.92746864  0.83799316  1.64328412  1.36870096
  0.00850794  1.55345389  0.24336515  1.51551368 -0.57569414 -1.64789823
 -1.70866724  0.25512075]"
200,"[-1.53969664  0.00776225 -1.92800368  0.8393033   1.6431375   1.36462035
  0.00800728  1.55351373  0.24422479  1.51516492 -0.57663558 -1.64748469
 -1.70853768  0.22587171]"
201,"[-1.5404991   0.00773992 -1.9298826   0.83959913  1.64269337  1.36073824
  0.00863754  1.55295617  0.24496691  1.51540237 -0.57618124 -1.64745383
 -1.70831174  0.1936285 ]"
202,"[-1.54064918  0.0079065  -1.93044537  0.84266925  1.64318241  1.36277796
  0.00872959  1.55222186  0.24644988  1.51503435 -0.57816738 -1.64756258
 -1.70843251  0.16438762]"
203,"[-1.54076154  0.00897375 -1.93224797  0.8434473   1.64273248  1.35766773
  0.00810297  1.55238772  0.24660141  1.51497331 -0.57823379 -1.64756022
 -1.70842163  0.13916212]"
204,"[-1.54108557  0.00968664 -1.93222842  0.84382766  1.64304241  1.35956286
  0.00722681  1.55235352  0.24790562  1.51451647 -0.57798315 -1.64725614
 -1.70845205  0.12609456]"
205,"[-1.54063913  0.00829122 -1.93229341  0.84708865  1.64278216  1.35727981
  0.00805084  1.5523269   0.24789203  1.51456315 -0.57744179 -1.64713869
 -1.70806865  0.11491745]"
206,"[-1.54081483  0.0093719  -1.93349727  0.84867119  1.64285684  1.3572259
  0.0084226   1.55196608  0.24956006  1.51342731 -0.57949075 -1.64737167
 -1.70770026  0.10574295]"
207,"[-1.54057765  0.00964983 -1.93360627  0.84925438  1.64268003  1.3529282
  0.00867409  1.55194735  0.24937389  1.51313254 -0.57824707 -1.64754219
 -1.70745115  0.09862021]"
208,"[-1.54131509  0.00989283 -1.93452019  0.84886637  1.64294299  1.35082234
  0.00853613  1.55199638  0.25061239  1.51306457 -0.57856295 -1.64845261
 -1.70757999  0.09242594]"
209,"[-1.54056603  0.01011505 -1.93438574  0.84955908  1.64271558  1.35129097
  0.00827176  1.55192297  0.25105617  1.51182577 -0.57881459 -1.6479906
 -1.70741843  0.08678791]"
210,"[-1.54163916  0.00982652 -1.93503373  0.84976536  1.64261563  1.35086167
  0.00785495  1.55154368  0.25172448  1.51096031 -0.58040117 -1.64805426
 -1.70730802  0.08207126]"
211,"[-1.54123201  0.01066916 -1.93605835  0.85131912  1.64302915  1.34789023
  0.00725305  1.55134741  0.25217349  1.51050302 -0.5801907  -1.64795867
 -1.70744947  0.07874944]"
212,"[-1.54211543  0.01125838 -1.93494967  0.85229328  1.64351906  1.3516146
  0.00875207  1.55145709  0.25286733  1.50949526 -0.58034809 -1.64800125
 -1.70696694  0.0727901 ]"
213,"[-1.54275258  0.01176024 -1.93520708  0.85237199  1.6436877   1.34797589
  0.00793809  1.55132769  0.25224566  1.5085596  -0.57849648 -1.64846766
 -1.70622228  0.06724601]"
214,"[-1.54261038  0.0125219  -1.93603894  0.85048022  1.64372205  1.34251701
  0.00773715  1.55193337  0.2531443   1.50751001 -0.58013845 -1.64860195
 -1.70575125  0.05957245]"
215,"[-1.54390955  0.01252651 -1.93537708  0.84976892  1.64403802  1.34128524
  0.00842255  1.55183809  0.25311843  1.50687703 -0.57839538 -1.64876
 -1.70602744  0.05464854]"
216,"[-1.54411643  0.01217101 -1.9375386   0.85170881  1.64447475  1.34014343
  0.00839178  1.55191178  0.25257906  1.50538219 -0.57915909 -1.64868541
 -1.7055253   0.05518999]"
217,"[-1.54284374  0.01203822 -1.93768167  0.85188083  1.64487845  1.33914189
  0.00802215  1.55204633  0.25275635  1.50560184 -0.57871277 -1.6487666
 -1.70520014  0.05587528]"
218,"[-1.54372006  0.01256637 -1.93755784  0.8523966   1.64544608  1.33892963
  0.00788217  1.55228703  0.25230447  1.50565166 -0.57697623 -1.64925407
 -1.70491515  0.05647626]"
219,"[-1.54575878  0.01346943 -1.93744254  0.85230414  1.64671025  1.33373359
  0.00783189  1.5527872   0.25161462  1.50446538 -0.5765521  -1.64930057
 -1.70494376  0.05818411]"
220,"[-1.54415098  0.01322006 -1.93863202  0.85352707  1.64757225  1.33065479
  0.00900744  1.55373561  0.25181625  1.5041672  -0.5764035  -1.64974859
 -1.70507412  0.05899306]"
221,"[-1.54492187  0.01328608 -1.93810923  0.85443718  1.64825388  1.32738433
  0.00916502  1.55422253  0.2515463   1.5017445  -0.57690953 -1.65088396
 -1.7046142   0.06115302]"
222,"[-1.54527771  0.01349281 -1.93853656  0.85445411  1.64879051  1.32487346
  0.00907234  1.55516951  0.24981118  1.50073447 -0.57452088 -1.65170854
 -1.70438385  0.0676579 ]"
223,"[-1.54628901  0.01333362 -1.93916877  0.85355742  1.64971333  1.31669489
  0.00818922  1.55602531  0.24845521  1.49990587 -0.57243993 -1.65210171
 -1.70398618  0.06755421]"
224,"[-1.54541141  0.01375402 -1.93984998  0.85330299  1.65055495  1.31229101
  0.00838594  1.55759855  0.24631735  1.49825842 -0.57118271 -1.65275054
 -1.70357954  0.08309965]"
225,"[-1.54583896  0.01409088 -1.93938887  0.85427657  1.65145369  1.30971158
  0.00770898  1.55928219  0.24357555  1.49841578 -0.56895275 -1.65361943
 -1.70284391  0.09701628]"
226,"[-1.54572528  0.01362521 -1.9412312   0.85544263  1.65212645  1.30459332
  0.00801572  1.5611277   0.23976838  1.49742898 -0.56576848 -1.65497766
 -1.70220113  0.11555937]"
227,"[-1.5465544   0.01399537 -1.94138828  0.8542923   1.65307706  1.30060188
  0.00761002  1.56362666  0.23580968  1.49681831 -0.5617236  -1.65639706
 -1.70155579  0.13423522]"
228,"[-1.54521221  0.0145211  -1.94153968  0.85588112  1.65428445  1.29082093
  0.00853683  1.56660253  0.23132836  1.49647738 -0.55782566 -1.65776827
 -1.7009556   0.16901406]"
229,"[-1.54531434  0.01417882 -1.94229944  0.85650373  1.6557349   1.28262608
  0.00876085  1.5688814   0.22757182  1.49579037 -0.55569235 -1.65931875
 -1.69962326  0.18770058]"
230,"[-1.54523479  0.01240935 -1.94401549  0.85622693  1.65810256  1.27927089
  0.00819406  1.57170638  0.22425495  1.49589047 -0.55387444 -1.66071543
 -1.69894693  0.2143276 ]"
231,"[-1.54620986  0.01291152 -1.9442434   0.85778254  1.66044031  1.26908542
  0.00890373  1.57456062  0.22130205  1.4954786  -0.55195919 -1.66263888
 -1.6985075   0.23535812]"
232,"[-1.54589649  0.01269693 -1.94425617  0.85984836  1.66198732  1.25926774
  0.00953812  1.57670054  0.21915692  1.49648802 -0.55051542 -1.66420214
 -1.69732296  0.26032598]"
233,"[-1.5479259   0.01274994 -1.9439958   0.86089781  1.66401595  1.24659657
  0.00931939  1.57877156  0.21826615  1.49564563 -0.54921767 -1.6651308
 -1.69655023  0.27685122]"
234,"[-1.54766204  0.01167951 -1.94502614  0.86444885  1.66492709  1.23278783
  0.01004925  1.58000201  0.21742076  1.49495102 -0.54919258 -1.66631019
 -1.6966624   0.28746941]"
235,"[-1.54709059  0.01186825 -1.94650153  0.86601476  1.66627849  1.22252776
  0.00876768  1.58029714  0.21802536  1.49455213 -0.54842895 -1.66655885
 -1.69642538  0.30060996]"
236,"[-1.54660297  0.01124438 -1.94800461  0.86664275  1.66656053  1.2069812
  0.00882898  1.58015741  0.22015612  1.49457802 -0.55022031 -1.66587553
 -1.69641933  0.31037941]"
237,"[-1.54672845  0.01150785 -1.9495237   0.87208484  1.66616798  1.19421018
  0.00840888  1.57956542  0.22246636  1.49349846 -0.54948193 -1.66597174
 -1.69699151  0.31957191]"
238,"[-1.54672821  0.01055807 -1.9515491   0.87701605  1.66558629  1.18664142
  0.00831193  1.57937998  0.22649334  1.49212874 -0.55128375 -1.66612141
 -1.69748621  0.32785833]"
239,"[-1.54623472  0.01121173 -1.95265604  0.88000158  1.66556343  1.17860393
  0.00882439  1.57883936  0.23070141  1.48923951 -0.55139425 -1.66634076
 -1.69753084  0.33795784]"
240,"[-1.54547925  0.00949631 -1.9547468   0.88359434  1.66509792  1.17282706
  0.0084204   1.57798072  0.2353892   1.48779443 -0.55326846 -1.66616535
 -1.69800949  0.34235792]"
241,"[-1.54598661  0.00958572 -1.955577    0.88675082  1.66427673  1.16563447
  0.00886184  1.57752878  0.2402531   1.4861127  -0.55526144 -1.66646951
 -1.69806685  0.3453668 ]"
242,"[-1.54524631  0.00854954 -1.9560637   0.89027684  1.66472338  1.16173899
  0.00843698  1.57648223  0.24537861  1.48477154 -0.55771862 -1.66659476
 -1.69880822  0.35264556]"
243,"[-1.54632836  0.00906267 -1.9569653   0.89184074  1.66477053  1.15735132
  0.008387    1.57605948  0.24954228  1.48364576 -0.55982454 -1.66660615
 -1.69928027  0.34863682]"
244,"[-1.54596387  0.00857379 -1.95763523  0.89384353  1.66445343  1.15071796
  0.00813262  1.57554866  0.25274696  1.48215759 -0.56199727 -1.66663286
 -1.6996567   0.34514373]"
245,"[-1.54550361  0.00854524 -1.9593234   0.89634782  1.66393078  1.14696051
  0.00963856  1.57462698  0.25688114  1.48116405 -0.562286   -1.66661829
 -1.69969673  0.33801161]"
246,"[-1.54569332  0.00869142 -1.96020248  0.89692588  1.66439602  1.14164075
  0.0078561   1.57433102  0.26054339  1.47967526 -0.56356446 -1.6676173
 -1.69985052  0.33089274]"
247,"[-1.54608498  0.00817133 -1.96111982  0.89746017  1.66450001  1.13842485
  0.00896779  1.57380033  0.26295283  1.47791379 -0.56501443 -1.66813149
 -1.70012958  0.32341726]"
248,"[-1.54585698  0.00749098 -1.96203958  0.90104888  1.66416234  1.13859636
  0.00830425  1.5734025   0.26542797  1.47766425 -0.56613691 -1.66817673
 -1.69991027  0.31342717]"
249,"[-1.54664396  0.0078301  -1.96238033  0.89952186  1.66385935  1.13362623
  0.00925844  1.57258196  0.26848303  1.47688572 -0.5670523  -1.66852605
 -1.70035649  0.29751098]"
250,"[-1.54707497  0.00744967 -1.96307099  0.90256635  1.66390508  1.13048882
  0.00966809  1.57248919  0.27059623  1.47473051 -0.56698315 -1.66924599
 -1.70039051  0.28159507]"
251,"[-1.54803406  0.00720738 -1.96347648  0.90277298  1.66417574  1.1271264
  0.00939281  1.57214093  0.27214502  1.47471786 -0.56699606 -1.66961598
 -1.70037134  0.26946683]"
252,"[-1.5468208   0.00661649 -1.96302908  0.90223486  1.66410988  1.12612145
  0.00933744  1.57201419  0.27388662  1.47459501 -0.5674421  -1.66931084
 -1.70047945  0.25812804]"
253,"[-1.54656106  0.00741938 -1.96242639  0.90370036  1.66390365  1.12226139
  0.01004674  1.5714858   0.27633678  1.47427998 -0.5694284  -1.66975349
 -1.70032749  0.23793847]"
254,"[-1.54603252  0.00731435 -1.9632132   0.90421138  1.66358243  1.12110581
  0.00971546  1.57094735  0.27816422  1.47320296 -0.57059377 -1.66989721
 -1.70062231  0.2160353 ]"
255,"[-1.54705043  0.00709499 -1.96359897  0.90396727  1.66370279  1.11938973
  0.01047619  1.57115574  0.27912134  1.47175487 -0.57207089 -1.67000693
 -1.70004569  0.19450914]"
